2001 1
-0.333041
-0.338775
-0.344509
-0.350242
-0.355976
-0.361710
-0.367444
-0.373177
-0.378911
-0.384645
-0.390378
-0.396112
-0.401846
-0.407579
-0.413313
-0.419047
-0.424781
-0.430514
-0.436248
-0.441982
-0.447715
-0.459494
-0.471273
-0.483051
-0.494830
-0.506609
-0.518388
-0.530166
-0.541945
-0.553724
-0.565502
-0.577281
-0.589060
-0.600838
-0.612617
-0.624396
-0.636174
-0.647953
-0.659732
-0.671511
-0.683289
-0.689786
-0.696283
-0.702780
-0.709276
-0.715773
-0.722270
-0.728767
-0.735264
-0.741760
-0.748257
-0.754754
-0.761251
-0.767748
-0.774245
-0.780741
-0.787238
-0.793735
-0.800232
-0.806729
-0.813225
-0.821969
-0.830713
-0.839456
-0.848200
-0.856944
-0.865687
-0.874431
-0.883174
-0.891918
-0.900662
-0.909405
-0.918149
-0.926893
-0.935636
-0.944380
-0.953124
-0.961867
-0.970611
-0.979354
-0.988098
-0.988382
-0.988665
-0.988949
-0.989232
-0.989516
-0.989800
-0.990083
-0.990367
-0.990650
-0.990934
-0.991218
-0.991501
-0.991785
-0.992068
-0.992352
-0.992636
-0.992919
-0.993203
-0.993486
-0.993770
-0.987913
-0.982056
-0.976199
-0.970341
-0.964484
-0.958627
-0.952770
-0.946913
-0.941056
-0.935198
-0.929341
-0.923484
-0.917627
-0.911770
-0.905913
-0.900056
-0.894198
-0.888341
-0.882484
-0.876627
-0.870886
-0.865146
-0.859405
-0.853665
-0.847924
-0.842183
-0.836443
-0.830702
-0.824962
-0.819221
-0.813480
-0.807740
-0.801999
-0.796259
-0.790518
-0.784777
-0.779037
-0.773296
-0.767556
-0.761815
-0.751591
-0.741367
-0.731143
-0.720919
-0.710695
-0.700471
-0.690247
-0.680023
-0.669799
-0.659575
-0.649351
-0.639127
-0.628903
-0.618679
-0.608455
-0.598231
-0.588007
-0.577783
-0.567559
-0.557335
-0.541925
-0.526515
-0.511105
-0.495695
-0.480285
-0.464875
-0.449465
-0.434055
-0.418645
-0.403235
-0.387825
-0.372415
-0.357005
-0.341595
-0.326185
-0.310775
-0.295365
-0.279955
-0.264545
-0.249135
-0.232789
-0.216442
-0.200095
-0.183748
-0.167402
-0.151055
-0.134708
-0.118361
-0.102014
-0.085668
-0.069321
-0.052974
-0.036627
-0.020281
-0.003934
0.012413
0.028760
0.045107
0.061453
0.077800
0.089607
0.101413
0.113220
0.125027
0.136834
0.148640
0.160447
0.172254
0.184060
0.195867
0.207674
0.219481
0.231287
0.243094
0.254901
0.266707
0.278514
0.290321
0.302128
0.313934
0.326397
0.338859
0.351321
0.363783
0.376245
0.388708
0.401170
0.413632
0.426094
0.438557
0.451019
0.463481
0.475943
0.488406
0.500868
0.513330
0.525792
0.538255
0.550717
0.563179
0.574100
0.585021
0.595942
0.606864
0.617785
0.628706
0.639627
0.650548
0.661469
0.672390
0.683312
0.694233
0.705154
0.716075
0.726996
0.737917
0.748838
0.759760
0.770681
0.781602
0.788731
0.795859
0.802988
0.810117
0.817246
0.824375
0.831503
0.838632
0.845761
0.852890
0.860018
0.867147
0.874276
0.881405
0.888534
0.895662
0.902791
0.909920
0.917049
0.924177
0.927249
0.930321
0.933392
0.936464
0.939536
0.942607
0.945679
0.948751
0.951822
0.954894
0.957965
0.961037
0.964109
0.967180
0.970252
0.973324
0.976395
0.979467
0.982539
0.985610
0.983485
0.981359
0.979233
0.977107
0.974982
0.972856
0.970730
0.968604
0.966479
0.964353
0.962227
0.960102
0.957976
0.955850
0.953724
0.951599
0.949473
0.947347
0.945221
0.943096
0.932752
0.922407
0.912063
0.901719
0.891375
0.881031
0.870687
0.860343
0.849999
0.839654
0.829310
0.818966
0.808622
0.798278
0.787934
0.777590
0.767245
0.756901
0.746557
0.736213
0.725424
0.714635
0.703846
0.693057
0.682267
0.671478
0.660689
0.649900
0.639111
0.628322
0.617533
0.606744
0.595955
0.585166
0.574376
0.563587
0.552798
0.542009
0.531220
0.520431
0.506758
0.493085
0.479413
0.465740
0.452067
0.438395
0.424722
0.411049
0.397376
0.383704
0.370031
0.356358
0.342686
0.329013
0.315340
0.301667
0.287995
0.274322
0.260649
0.246976
0.232815
0.218653
0.204491
0.190330
0.176168
0.162006
0.147844
0.133683
0.119521
0.105359
0.091198
0.077036
0.062874
0.048713
0.034551
0.020389
0.006227
-0.007934
-0.022096
-0.036258
-0.049866
-0.063475
-0.077083
-0.090692
-0.104300
-0.117908
-0.131517
-0.145125
-0.158734
-0.172342
-0.185951
-0.199559
-0.213168
-0.226776
-0.240385
-0.253993
-0.267601
-0.281210
-0.294818
-0.308427
-0.320217
-0.332007
-0.343798
-0.355588
-0.367378
-0.379169
-0.390959
-0.402749
-0.414540
-0.426330
-0.438120
-0.449910
-0.461701
-0.473491
-0.485281
-0.497072
-0.508862
-0.520652
-0.532443
-0.544233
-0.552558
-0.560884
-0.569209
-0.577535
-0.585860
-0.594186
-0.602511
-0.610836
-0.619162
-0.627487
-0.635813
-0.644138
-0.652464
-0.660789
-0.669115
-0.677440
-0.685765
-0.694091
-0.702416
-0.710742
-0.718632
-0.726522
-0.734412
-0.742302
-0.750192
-0.758083
-0.765973
-0.773863
-0.781753
-0.789643
-0.797533
-0.805423
-0.813313
-0.821204
-0.829094
-0.836984
-0.844874
-0.852764
-0.860654
-0.868544
-0.872069
-0.875594
-0.879118
-0.882643
-0.886168
-0.889692
-0.893217
-0.896742
-0.900266
-0.903791
-0.907316
-0.910840
-0.914365
-0.917890
-0.921414
-0.924939
-0.928464
-0.931988
-0.935513
-0.939038
-0.936444
-0.933851
-0.931257
-0.928664
-0.926070
-0.923477
-0.920883
-0.918290
-0.915697
-0.913103
-0.910510
-0.907916
-0.905323
-0.902729
-0.900136
-0.897542
-0.894949
-0.892355
-0.889762
-0.887168
-0.883275
-0.879381
-0.875487
-0.871593
-0.867700
-0.863806
-0.859912
-0.856018
-0.852124
-0.848231
-0.844337
-0.840443
-0.836549
-0.832656
-0.828762
-0.824868
-0.820974
-0.817081
-0.813187
-0.809293
-0.801300
-0.793308
-0.785315
-0.777322
-0.769330
-0.761337
-0.753344
-0.745352
-0.737359
-0.729366
-0.721373
-0.713381
-0.705388
-0.697395
-0.689403
-0.681410
-0.673417
-0.665425
-0.657432
-0.649439
-0.636549
-0.623659
-0.610768
-0.597878
-0.584988
-0.572097
-0.559207
-0.546317
-0.533426
-0.520536
-0.507646
-0.494755
-0.481865
-0.468975
-0.456084
-0.443194
-0.430303
-0.417413
-0.404523
-0.391632
-0.373684
-0.355735
-0.337787
-0.319838
-0.301890
-0.283941
-0.265993
-0.248044
-0.230096
-0.212147
-0.194199
-0.176250
-0.158302
-0.140353
-0.122405
-0.104456
-0.086508
-0.068559
-0.050611
-0.032662
-0.016265
0.000131
0.016528
0.032925
0.049321
0.065718
0.082115
0.098511
0.114908
0.131305
0.147701
0.164098
0.180495
0.196891
0.213288
0.229685
0.246082
0.262478
0.278875
0.295272
0.311222
0.327172
0.343123
0.359073
0.375024
0.390974
0.406925
0.422875
0.438825
0.454776
0.470726
0.486677
0.502627
0.518578
0.534528
0.550478
0.566429
0.582379
0.598330
0.614280
0.623235
0.632191
0.641146
0.650101
0.659056
0.668011
0.676967
0.685922
0.694877
0.703832
0.712787
0.721743
0.730698
0.739653
0.748608
0.757563
0.766519
0.775474
0.784429
0.793384
0.796711
0.800037
0.803363
0.806690
0.810016
0.813343
0.816669
0.819996
0.823322
0.826648
0.829975
0.833301
0.836628
0.839954
0.843281
0.846607
0.849933
0.853260
0.856586
0.859913
0.862592
0.865271
0.867951
0.870630
0.873310
0.875989
0.878669
0.881348
0.884027
0.886707
0.889386
0.892066
0.894745
0.897424
0.900104
0.902783
0.905463
0.908142
0.910822
0.913501
0.911399
0.909297
0.907195
0.905092
0.902990
0.900888
0.898786
0.896684
0.894582
0.892480
0.890377
0.888275
0.886173
0.884071
0.881969
0.879867
0.877765
0.875662
0.873560
0.871458
0.863723
0.855988
0.848254
0.840519
0.832784
0.825049
0.817314
0.809579
0.801844
0.794110
0.786375
0.778640
0.770905
0.763170
0.755435
0.747700
0.739966
0.732231
0.724496
0.716761
0.700382
0.684003
0.667624
0.651245
0.634866
0.618487
0.602108
0.585729
0.569350
0.552972
0.536593
0.520214
0.503835
0.487456
0.471077
0.454698
0.438319
0.421940
0.405561
0.389182
0.376483
0.363784
0.351085
0.338386
0.325687
0.312988
0.300289
0.287590
0.274891
0.262192
0.249493
0.236794
0.224095
0.211396
0.198697
0.185998
0.173299
0.160600
0.147901
0.135202
0.126139
0.117076
0.108013
0.098950
0.089887
0.080824
0.071761
0.062698
0.053635
0.044572
0.035509
0.026446
0.017383
0.008320
-0.000743
-0.009806
-0.018868
-0.027931
-0.036994
-0.046057
-0.058907
-0.071756
-0.084606
-0.097455
-0.110305
-0.123154
-0.136004
-0.148854
-0.161703
-0.174553
-0.187402
-0.200252
-0.213101
-0.225951
-0.238800
-0.251650
-0.264499
-0.277349
-0.290198
-0.303048
-0.312657
-0.322267
-0.331876
-0.341486
-0.351095
-0.360704
-0.370314
-0.379923
-0.389533
-0.399142
-0.408752
-0.418361
-0.427971
-0.437580
-0.447189
-0.456799
-0.466408
-0.476018
-0.485627
-0.495237
-0.507773
-0.520308
-0.532844
-0.545380
-0.557916
-0.570452
-0.582988
-0.595524
-0.608060
-0.620595
-0.633131
-0.645667
-0.658203
-0.670739
-0.683275
-0.695811
-0.708347
-0.720882
-0.733418
-0.745954
-0.751618
-0.757281
-0.762945
-0.768608
-0.774271
-0.779935
-0.785598
-0.791262
-0.796925
-0.802589
-0.808252
-0.813916
-0.819579
-0.825243
-0.830906
-0.836570
-0.842233
-0.847897
-0.853560
-0.859223
-0.859964
-0.860704
-0.861444
-0.862184
-0.862924
-0.863664
-0.864405
-0.865145
-0.865885
-0.866625
-0.867365
-0.868105
-0.868845
-0.869586
-0.870326
-0.871066
-0.871806
-0.872546
-0.873286
-0.874027
-0.869244
-0.864461
-0.859678
-0.854895
-0.850113
-0.845330
-0.840547
-0.835764
-0.830982
-0.826199
-0.821416
-0.816633
-0.811851
-0.807068
-0.802285
-0.797502
-0.792720
-0.787937
-0.783154
-0.778371
-0.772809
-0.767246
-0.761684
-0.756122
-0.750559
-0.744997
-0.739434
-0.733872
-0.728309
-0.722747
-0.717185
-0.711622
-0.706060
-0.700497
-0.694935
-0.689372
-0.683810
-0.678248
-0.672685
-0.667123
-0.657282
-0.647441
-0.637599
-0.627758
-0.617917
-0.608076
-0.598235
-0.588394
-0.578553
-0.568712
-0.558871
-0.549030
-0.539189
-0.529348
-0.519507
-0.509665
-0.499824
-0.489983
-0.480142
-0.470301
-0.457722
-0.445142
-0.432562
-0.419983
-0.407403
-0.394824
-0.382244
-0.369665
-0.357085
-0.344506
-0.331926
-0.319346
-0.306767
-0.294187
-0.281608
-0.269028
-0.256449
-0.243869
-0.231289
-0.218710
-0.208167
-0.197624
-0.187081
-0.176538
-0.165995
-0.155452
-0.144909
-0.134366
-0.123823
-0.113281
-0.102738
-0.092195
-0.081652
-0.071109
-0.060566
-0.050023
-0.039480
-0.028937
-0.018394
-0.007851
0.004654
0.017159
0.029665
0.042170
0.054675
0.067181
0.079686
0.092191
0.104696
0.117202
0.129707
0.142212
0.154718
0.167223
0.179728
0.192233
0.204739
0.217244
0.229749
0.242255
0.255049
0.267844
0.280638
0.293433
0.306227
0.319022
0.331816
0.344611
0.357406
0.370200
0.382995
0.395789
0.408584
0.421378
0.434173
0.446968
0.459762
0.472557
0.485351
0.498146
0.506178
0.514210
0.522242
0.530274
0.538306
0.546338
0.554370
0.562402
0.570434
0.578466
0.586498
0.594530
0.602562
0.610594
0.618626
0.626657
0.634689
0.642721
0.650753
0.658785
0.665051
0.671317
0.677582
0.683848
0.690114
0.696380
0.702645
0.708911
0.715177
0.721442
0.727708
0.733974
0.740239
0.746505
0.752771
0.759036
0.765302
0.771568
0.777834
0.784099
0.784397
0.784695
0.784992
0.785290
0.785588
0.785886
0.786183
0.786481
0.786779
0.787077
0.787374
0.787672
0.787970
0.788268
0.788565
0.788863
0.789161
0.789459
0.789756
0.790054
0.786653
0.783252
0.779851
0.776449
0.773048
0.769647
0.766246
0.762845
0.759443
0.756042
0.752641
0.749240
0.745839
0.742438
0.739036
0.735635
0.732234
0.728833
0.725432
0.722030
0.718207
0.714384
0.710561
0.706738
0.702915
0.699092
0.695269
0.691445
0.687622
0.683799
0.679976
0.676153
0.672330
0.668507
0.664684
0.660861
0.657037
0.653214
0.649391
0.645568
0.638752
0.631935
0.625119
0.618302
0.611486
0.604669
0.597853
0.591037
0.584220
0.577404
0.570587
0.563771
0.556954
0.550138
0.543321
0.536505
0.529689
0.522872
0.516056
0.509239
0.497586
0.485933
0.474279
0.462626
0.450973
0.439320
0.427666
0.416013
0.404360
0.392706
0.381053
0.369400
0.357747
0.346093
0.334440
0.322787
0.311133
0.299480
0.287827
0.276174
0.263633
0.251091
0.238550
0.226009
0.213468
0.200927
0.188386
0.175845
0.163304
0.150763
0.138221
0.125680
0.113139
0.100598
0.088057
0.075516
0.062975
0.050434
0.037892
0.025351
0.010054
-0.005243
-0.020540
-0.035838
-0.051135
-0.066432
-0.081729
-0.097026
-0.112324
-0.127621
-0.142918
-0.158215
-0.173513
-0.188810
-0.204107
-0.219404
-0.234701
-0.249999
-0.265296
-0.280593
-0.294847
-0.309100
-0.323354
-0.337607
-0.351861
-0.366114
-0.380368
-0.394621
-0.408875
-0.423128
-0.437382
-0.451635
-0.465889
-0.480142
-0.494396
-0.508649
-0.522903
-0.537156
-0.551410
-0.565663
-0.577725
-0.589787
-0.601849
-0.613911
-0.625973
-0.638034
-0.650096
-0.662158
-0.674220
-0.686282
-0.698344
-0.710406
-0.722467
-0.734529
-0.746591
-0.758653
-0.770715
-0.782777
-0.794838
-0.806900
-0.813593
-0.820286
-0.826978
-0.833671
-0.840364
-0.847057
-0.853749
-0.860442
-0.867135
-0.873828
-0.880520
-0.887213
-0.893906
-0.900598
-0.907291
-0.913984
-0.920677
-0.927369
-0.934062
-0.940755
-0.940095
-0.939435
-0.938775
-0.938116
-0.937456
-0.936796
-0.936136
-0.935476
-0.934817
-0.934157
-0.933497
-0.932837
-0.932177
-0.931518
-0.930858
-0.930198
-0.929538
-0.928879
-0.928219
-0.927559
-0.923507
-0.919456
-0.915404
-0.911353
-0.907301
-0.903250
-0.899198
-0.895147
-0.891095
-0.887044
-0.882992
-0.878941
-0.874889
-0.870838
-0.866786
-0.862735
-0.858683
-0.854632
-0.850580
-0.846528
-0.841723
-0.836917
-0.832111
-0.827306
-0.822500
-0.817694
-0.812889
-0.808083
-0.803277
-0.798472
-0.793666
-0.788860
-0.784054
-0.779249
-0.774443
-0.769637
-0.764832
-0.760026
-0.755220
-0.750415
-0.740629
-0.730844
-0.721058
-0.711273
-0.701488
-0.691702
-0.681917
-0.672131
-0.662346
-0.652560
-0.642775
-0.632990
-0.623204
-0.613419
-0.603633
-0.593848
-0.584063
-0.574277
-0.564492
-0.554706
-0.540074
-0.525441
-0.510808
-0.496175
-0.481543
-0.466910
-0.452277
-0.437645
-0.423012
-0.408379
-0.393747
-0.379114
-0.364481
-0.349848
-0.335216
-0.320583
-0.305950
-0.291318
-0.276685
-0.262052
-0.248760
-0.235469
-0.222177
-0.208885
-0.195593
-0.182301
-0.169010
-0.155718
-0.142426
-0.129134
-0.115842
-0.102551
-0.089259
-0.075967
-0.062675
-0.049383
-0.036091
-0.022800
-0.009508
0.003784
0.017791
0.031797
0.045804
0.059811
0.073817
0.087824
0.101831
0.115837
0.129844
0.143851
0.157858
0.171864
0.185871
0.199878
0.213884
0.227891
0.241898
0.255904
0.269911
0.283918
0.297994
0.312070
0.326146
0.340221
0.354297
0.368373
0.382449
0.396525
0.410601
0.424677
0.438753
0.452829
0.466905
0.480980
0.495056
0.509132
0.523208
0.537284
0.551360
0.565436
0.572529
0.579622
0.586715
0.593808
0.600901
0.607995
0.615088
0.622181
0.629274
0.636367
0.643460
0.650553
0.657646
0.664740
0.671833
0.678926
0.686019
0.693112
0.700205
0.707298
0.713843
0.720388
0.726933
0.733478
0.740023
0.746568
0.753113
0.759658
0.766203
0.772748
0.779293
0.785838
0.792383
0.798928
0.805473
0.812018
0.818563
0.825108
0.831653
0.838198
0.839120
0.840043
0.840965
0.841887
0.842809
0.843732
0.844654
0.845576
0.846499
0.847421
0.848343
0.849266
0.850188
0.851110
0.852033
0.852955
0.853877
0.854799
0.855722
0.856644
0.853183
0.849722
0.846261
0.842800
0.839339
0.835878
0.832417
0.828956
0.825495
0.822034
0.818573
0.815112
0.811651
0.808190
0.804729
0.801268
0.797807
0.794346
0.790885
0.787424
0.782791
0.778158
0.773525
0.768892
0.764259
0.759626
0.754993
0.750360
0.745727
0.741094
0.736462
0.731829
0.727196
0.722563
0.717930
0.713297
0.708664
0.704031
0.699398
0.694765
0.685679
0.676594
0.667508
0.658423
0.649337
0.640251
0.631166
0.622080
0.612995
0.603909
0.594823
0.585738
0.576652
0.567567
0.558481
0.549395
0.540310
0.531224
0.522139
0.513053
0.499836
0.486619
0.473402
0.460185
0.446968
0.433752
0.420535
0.407318
0.394101
0.380884
0.367667
0.354450
0.341233
0.328016
0.314799
0.301582
0.288365
0.275148
0.261931
0.248714
0.234857
0.221000
0.207143
0.193286
0.179428
0.165571
0.151714
0.137857
0.123999
0.110142
0.096285
0.082428
0.068570
0.054713
0.040856
0.026999
0.013141
-0.000716
-0.014573
-0.028430
-0.041220
-0.054010
-0.066800
-0.079590
-0.092379
-0.105169
-0.117959
-0.130749
-0.143539
-0.156328
-0.169118
-0.181908
-0.194698
-0.207488
-0.220277
-0.233067
-0.245857
-0.258647
-0.271437
-0.284227
-0.296123
-0.308020
-0.319916
-0.331813
-0.343709
-0.355606
-0.367502
-0.379399
-0.391295
-0.403192
-0.415088
-0.426985
-0.438881
-0.450778
-0.462674
-0.474571
-0.486467
-0.498364
-0.510260
-0.522157
-0.533449
-0.544742
-0.556034
-0.567327
-0.578619
-0.589912
-0.601204
-0.612497
-0.623790
-0.635082
-0.646375
-0.657667
-0.668960
-0.680252
-0.691545
-0.702837
-0.714130
-0.725422
-0.736715
-0.748007
-0.757880
-0.767752
-0.777625
-0.787497
-0.797370
-0.807242
-0.817114
-0.826987
-0.836859
-0.846732
-0.856604
-0.866477
-0.876349
-0.886222
-0.896094
-0.905967
-0.915839
-0.925712
-0.935584
-0.945456
-0.944666
-0.943875
-0.943084
-0.942293
-0.941503
-0.940712
-0.939921
-0.939130
-0.938340
-0.937549
-0.936758
-0.935967
-0.935177
-0.934386
-0.933595
-0.932804
-0.932014
-0.931223
-0.930432
-0.929641
-0.927383
-0.925125
-0.922867
-0.920609
-0.918351
-0.916093
-0.913835
-0.911576
-0.909318
-0.907060
-0.904802
-0.902544
-0.900286
-0.898028
-0.895770
-0.893512
-0.891254
-0.888995
-0.886737
-0.884479
-0.877046
-0.869612
-0.862179
-0.854746
-0.847312
-0.839879
-0.832446
-0.825012
-0.817579
-0.810145
-0.802712
-0.795279
-0.787845
-0.780412
-0.772978
-0.765545
-0.758112
-0.750678
-0.743245
-0.735811
-0.727072
-0.718333
-0.709594
-0.700855
-0.692116
-0.683378
-0.674639
-0.665900
-0.657161
-0.648422
-0.639683
-0.630944
-0.622205
-0.613466
-0.604727
-0.595988
-0.587249
-0.578510
-0.569771
-0.561032
-0.545220
-0.529407
-0.513595
-0.497783
-0.481971
-0.466158
-0.450346
-0.434534
-0.418722
-0.402910
-0.387097
-0.371285
-0.355473
-0.339661
-0.323849
-0.308036
-0.292224
-0.276412
-0.260600
-0.244787
-0.227737
-0.210687
-0.193637
-0.176587
-0.159537
-0.142487
-0.125437
-0.108387
-0.091337
-0.074286
-0.057236
-0.040186
-0.023136
-0.006086
0.010964
0.028014
0.045064
0.062114
0.079165
0.096215
0.109185
0.122156
0.135127
0.148098
0.161069
0.174039
0.187010
0.199981
0.212952
0.225923
0.238894
0.251864
0.264835
0.277806
0.290777
0.303748
0.316718
0.329689
0.342660
0.355631
0.366510
0.377389
0.388268
0.399147
0.410026
0.420905
0.431784
0.442663
0.453542
0.464421
0.475300
0.486179
0.497058
0.507937
0.518816
0.529695
0.540574
0.551452
0.562331
0.573210
0.586295
0.599379
0.612463
0.625547
0.638631
0.651715
0.664799
0.677883
0.690968
0.704052
0.717136
0.730220
0.743304
0.756388
0.769472
0.782556
0.795640
0.808725
0.821809
0.834893
0.838956
0.843020
0.847084
0.851147
0.855211
0.859274
0.863338
0.867402
0.871465
0.875529
0.879593
0.883656
0.887720
0.891783
0.895847
0.899911
0.903974
0.908038
0.912101
0.916165
0.920524
0.924882
0.929241
0.933600
0.937958
0.942317
0.946676
0.951034
0.955393
0.959752
0.964110
0.968469
0.972827
0.977186
0.981545
0.985903
0.990262
0.994621
0.998979
1.003338
1.000346
0.997354
0.994363
0.991371
0.988379
0.985387
0.982396
0.979404
0.976412
0.973420
0.970429
0.967437
0.964445
0.961453
0.958462
0.955470
0.952478
0.949486
0.946495
0.943503
0.935850
0.928197
0.920544
0.912891
0.905238
0.897585
0.889932
0.882279
0.874626
0.866973
0.859320
0.851667
0.844014
0.836361
0.828709
0.821056
0.813403
0.805750
0.798097
0.790444
0.783288
0.776131
0.768975
0.761819
0.754663
0.747507
0.740350
0.733194
0.726038
0.718882
0.711726
0.704569
0.697413
0.690257
0.683101
0.675945
0.668788
0.661632
0.654476
0.647320
0.635821
0.624322
0.612823
0.601324
0.589825
0.578326
0.566827
0.555328
0.543829
0.532330
0.520831
0.509332
0.497833
0.486334
0.474835
0.463336
0.451837
0.440338
0.428839
0.417340
0.410507
0.403673
0.396839
0.390005
0.383172
0.376338
0.369504
0.362670
0.355837
0.349003
0.342169
0.335335
0.328502
0.321668
0.314834
0.308000
0.301167
0.294333
0.287499
0.280665