2001 1
-0.475142
-0.478339
-0.481536
-0.484733
-0.487930
-0.491127
-0.494324
-0.497520
-0.500717
-0.503914
-0.507111
-0.510308
-0.513505
-0.516702
-0.519899
-0.523096
-0.526293
-0.529490
-0.532687
-0.535884
-0.539081
-0.545674
-0.552268
-0.558861
-0.565455
-0.572048
-0.578641
-0.585235
-0.591828
-0.598422
-0.605015
-0.611609
-0.618202
-0.624796
-0.631389
-0.637982
-0.644576
-0.651169
-0.657763
-0.664356
-0.670950
-0.675764
-0.680578
-0.685392
-0.690205
-0.695019
-0.699833
-0.704647
-0.709461
-0.714275
-0.719089
-0.723903
-0.728717
-0.733531
-0.738345
-0.743159
-0.747973
-0.752787
-0.757601
-0.762415
-0.767229
-0.771897
-0.776566
-0.781235
-0.785904
-0.790572
-0.795241
-0.799910
-0.804578
-0.809247
-0.813916
-0.818584
-0.823253
-0.827922
-0.832591
-0.837259
-0.841928
-0.846597
-0.851265
-0.855934
-0.860603
-0.860525
-0.860446
-0.860368
-0.860290
-0.860212
-0.860134
-0.860055
-0.859977
-0.859899
-0.859821
-0.859743
-0.859665
-0.859586
-0.859508
-0.859430
-0.859352
-0.859274
-0.859195
-0.859117
-0.859039
-0.854772
-0.850506
-0.846240
-0.841973
-0.837707
-0.833440
-0.829174
-0.824907
-0.820641
-0.816374
-0.812108
-0.807841
-0.803575
-0.799308
-0.795042
-0.790775
-0.786509
-0.782242
-0.777976
-0.773709
-0.767665
-0.761621
-0.755577
-0.749533
-0.743489
-0.737445
-0.731401
-0.725357
-0.719314
-0.713270
-0.707226
-0.701182
-0.695138
-0.689094
-0.683050
-0.677006
-0.670962
-0.664918
-0.658874
-0.652830
-0.643541
-0.634252
-0.624964
-0.615675
-0.606386
-0.597097
-0.587809
-0.578520
-0.569231
-0.559942
-0.550654
-0.541365
-0.532076
-0.522787
-0.513498
-0.504210
-0.494921
-0.485632
-0.476343
-0.467055
-0.454642
-0.442230
-0.429818
-0.417406
-0.404994
-0.392582
-0.380170
-0.367758
-0.355346
-0.342933
-0.330521
-0.318109
-0.305697
-0.293285
-0.280873
-0.268461
-0.256049
-0.243636
-0.231224
-0.218812
-0.205589
-0.192366
-0.179143
-0.165920
-0.152697
-0.139474
-0.126251
-0.113028
-0.099805
-0.086582
-0.073359
-0.060136
-0.046912
-0.033689
-0.020466
-0.007243
0.005980
0.019203
0.032426
0.045649
0.056963
0.068277
0.079591
0.090906
0.102220
0.113534
0.124848
0.136162
0.147476
0.158791
0.170105
0.181419
0.192733
0.204047
0.215362
0.226676
0.237990
0.249304
0.260618
0.271932
0.282701
0.293470
0.304238
0.315007
0.325775
0.336544
0.347313
0.358081
0.368850
0.379618
0.390387
0.401156
0.411924
0.422693
0.433461
0.444230
0.454999
0.465767
0.476536
0.487304
0.496281
0.505258
0.514235
0.523212
0.532189
0.541166
0.550143
0.559120
0.568097
0.577074
0.586051
0.595028
0.604005
0.612982
0.621959
0.630936
0.639913
0.648890
0.657867
0.666843
0.672678
0.678513
0.684348
0.690183
0.696018
0.701853
0.707688
0.713522
0.719357
0.725192
0.731027
0.736862
0.742697
0.748532
0.754367
0.760201
0.766036
0.771871
0.777706
0.783541
0.785700
0.787859
0.790018
0.792176
0.794335
0.796494
0.798653
0.800812
0.802971
0.805130
0.807289
0.809448
0.811606
0.813765
0.815924
0.818083
0.820242
0.822401
0.824560
0.826719
0.824543
0.822367
0.820191
0.818016
0.815840
0.813664
0.811488
0.809313
0.807137
0.804961
0.802785
0.800610
0.798434
0.796258
0.794082
0.791907
0.789731
0.787555
0.785379
0.783204
0.775782
0.768360
0.760939
0.753517
0.746096
0.738674
0.731253
0.723831
0.716410
0.708988
0.701566
0.694145
0.686723
0.679302
0.671880
0.664459
0.657037
0.649616
0.642194
0.634773
0.625433
0.616094
0.606755
0.597416
0.588077
0.578738
0.569399
0.560060
0.550721
0.541382
0.532043
0.522703
0.513364
0.504025
0.494686
0.485347
0.476008
0.466669
0.457330
0.447991
0.436523
0.425056
0.413589
0.402121
0.390654
0.379187
0.367719
0.356252
0.344785
0.333317
0.321850
0.310383
0.298915
0.287448
0.275981
0.264513
0.253046
0.241579
0.230111
0.218644
0.206533
0.194422
0.182311
0.170201
0.158090
0.145979
0.133868
0.121758
0.109647
0.097536
0.085425
0.073314
0.061204
0.049093
0.036982
0.024871
0.012760
0.000650
-0.011461
-0.023572
-0.035296
-0.047020
-0.058743
-0.070467
-0.082191
-0.093915
-0.105639
-0.117362
-0.129086
-0.140810
-0.152534
-0.164258
-0.175981
-0.187705
-0.199429
-0.211153
-0.222877
-0.234600
-0.246324
-0.258048
-0.268347
-0.278646
-0.288945
-0.299244
-0.309544
-0.319843
-0.330142
-0.340441
-0.350740
-0.361039
-0.371338
-0.381637
-0.391936
-0.402235
-0.412534
-0.422834
-0.433133
-0.443432
-0.453731
-0.464030
-0.471892
-0.479754
-0.487617
-0.495479
-0.503341
-0.511203
-0.519066
-0.526928
-0.534790
-0.542652
-0.550515
-0.558377
-0.566239
-0.574101
-0.581964
-0.589826
-0.597688
-0.605550
-0.613413
-0.621275
-0.627433
-0.633592
-0.639750
-0.645908
-0.652067
-0.658225
-0.664384
-0.670542
-0.676700
-0.682859
-0.689017
-0.695175
-0.701334
-0.707492
-0.713651
-0.719809
-0.725967
-0.732126
-0.738284
-0.744443
-0.747125
-0.749807
-0.752489
-0.755172
-0.757854
-0.760536
-0.763219
-0.765901
-0.768583
-0.771265
-0.773948
-0.776630
-0.779312
-0.781995
-0.784677
-0.787359
-0.790042
-0.792724
-0.795406
-0.798088
-0.796480
-0.794871
-0.793262
-0.791653
-0.790044
-0.788436
-0.786827
-0.785218
-0.783609
-0.782000
-0.780392
-0.778783
-0.777174
-0.775565
-0.773956
-0.772348
-0.770739
-0.769130
-0.767521
-0.765912
-0.761784
-0.757656
-0.753528
-0.749400
-0.745272
-0.741143
-0.737015
-0.732887
-0.728759
-0.724631
-0.720503
-0.716374
-0.712246
-0.708118
-0.703990
-0.699862
-0.695733
-0.691605
-0.687477
-0.683349
-0.675791
-0.668233
-0.660675
-0.653117
-0.645560
-0.638002
-0.630444
-0.622886
-0.615328
-0.607770
-0.600212
-0.592655
-0.585097
-0.577539
-0.569981
-0.562423
-0.554865
-0.547307
-0.539750
-0.532192
-0.521121
-0.510050
-0.498980
-0.487909
-0.476838
-0.465768
-0.454697
-0.443626
-0.432556
-0.421485
-0.410414
-0.399343
-0.388273
-0.377202
-0.366131
-0.355061
-0.343990
-0.332919
-0.321849
-0.310778
-0.296788
-0.282798
-0.268807
-0.254817
-0.240827
-0.226836
-0.212846
-0.198856
-0.184866
-0.170875
-0.156885
-0.142895
-0.128905
-0.114914
-0.100924
-0.086934
-0.072944
-0.058953
-0.044963
-0.030973
-0.017412
-0.003851
0.009710
0.023271
0.036832
0.050393
0.063954
0.077515
0.091076
0.104637
0.118198
0.131759
0.145320
0.158881
0.172442
0.186003
0.199564
0.213125
0.226686
0.240247
0.252707
0.265168
0.277628
0.290088
0.302549
0.315009
0.327469
0.339929
0.352390
0.364850
0.377310
0.389770
0.402231
0.414691
0.427151
0.439612
0.452072
0.464532
0.476992
0.489453
0.497646
0.505840
0.514033
0.522227
0.530421
0.538614
0.546808
0.555001
0.563195
0.571389
0.579582
0.587776
0.595969
0.604163
0.612357
0.620550
0.628744
0.636937
0.645131
0.653325
0.657387
0.661450
0.665513
0.669576
0.673639
0.677702
0.681765
0.685828
0.689891
0.693954
0.698017
0.702079
0.706142
0.710205
0.714268
0.718331
0.722394
0.726457
0.730520
0.734583
0.736248
0.737913
0.739578
0.741243
0.742908
0.744573
0.746238
0.747903
0.749568
0.751233
0.752898
0.754563
0.756228
0.757893
0.759558
0.761223
0.762888
0.764553
0.766218
0.767883
0.765570
0.763257
0.760944
0.758631
0.756319
0.754006
0.751693
0.749380
0.747067
0.744754
0.742441
0.740128
0.737815
0.735502
0.733189
0.730876
0.728563
0.726250
0.723937
0.721625
0.715008
0.708391
0.701774
0.695157
0.688540
0.681923
0.675307
0.668690
0.662073
0.655456
0.648839
0.642222
0.635605
0.628988
0.622372
0.615755
0.609138
0.602521
0.595904
0.589287
0.577869
0.566452
0.555034
0.543616
0.532198
0.520780
0.509363
0.497945
0.486527
0.475109
0.463691
0.452273
0.440856
0.429438
0.418020
0.406602
0.395184
0.383767
0.372349
0.360931
0.350104
0.339277
0.328451
0.317624
0.306797
0.295970
0.285144
0.274317
0.263490
0.252663
0.241836
0.231010
0.220183
0.209356
0.198529
0.187703
0.176876
0.166049
0.155222
0.144396
0.134806
0.125217
0.115627
0.106038
0.096448
0.086859
0.077269
0.067680
0.058090
0.048501
0.038912
0.029322
0.019733
0.010143
0.000554
-0.009036
-0.018625
-0.028215
-0.037804
-0.047394
-0.058126
-0.068859
-0.079592
-0.090325
-0.101058
-0.111791
-0.122524
-0.133257
-0.143990
-0.154723
-0.165456
-0.176189
-0.186922
-0.197655
-0.208388
-0.219121
-0.229854
-0.240587
-0.251320
-0.262052
-0.271105
-0.280158
-0.289211
-0.298264
-0.307317
-0.316370
-0.325423
-0.334475
-0.343528
-0.352581
-0.361634
-0.370687
-0.379740
-0.388793
-0.397846
-0.406898
-0.415951
-0.425004
-0.434057
-0.443110
-0.452111
-0.461111
-0.470112
-0.479113
-0.488113
-0.497114
-0.506115
-0.515116
-0.524116
-0.533117
-0.542118
-0.551118
-0.560119
-0.569120
-0.578120
-0.587121
-0.596122
-0.605123
-0.614123
-0.623124
-0.627929
-0.632735
-0.637541
-0.642346
-0.647152
-0.651957
-0.656763
-0.661568
-0.666374
-0.671179
-0.675985
-0.680790
-0.685596
-0.690401
-0.695207
-0.700012
-0.704818
-0.709623
-0.714429
-0.719234
-0.720119
-0.721004
-0.721889
-0.722773
-0.723658
-0.724543
-0.725427
-0.726312
-0.727197
-0.728082
-0.728966
-0.729851
-0.730736
-0.731621
-0.732505
-0.733390
-0.734275
-0.735160
-0.736044
-0.736929
-0.733766
-0.730604
-0.727441
-0.724279
-0.721116
-0.717954
-0.714791
-0.711629
-0.708466
-0.705304
-0.702141
-0.698979
-0.695816
-0.692654
-0.689492
-0.686329
-0.683167
-0.680004
-0.676842
-0.673679
-0.668443
-0.663206
-0.657970
-0.652734
-0.647498
-0.642261
-0.637025
-0.631789
-0.626553
-0.621316
-0.616080
-0.610844
-0.605607
-0.600371
-0.595135
-0.589899
-0.584662
-0.579426
-0.574190
-0.568953
-0.560723
-0.552493
-0.544263
-0.536033
-0.527803
-0.519573
-0.511343
-0.503112
-0.494882
-0.486652
-0.478422
-0.470192
-0.461962
-0.453732
-0.445502
-0.437272
-0.429041
-0.420811
-0.412581
-0.404351
-0.394150
-0.383949
-0.373747
-0.363546
-0.353345
-0.343144
-0.332943
-0.322741
-0.312540
-0.302339
-0.292138
-0.281937
-0.271736
-0.261534
-0.251333
-0.241132
-0.230931
-0.220730
-0.210528
-0.200327
-0.190405
-0.180482
-0.170560
-0.160637
-0.150715
-0.140792
-0.130870
-0.120948
-0.111025
-0.101103
-0.091180
-0.081258
-0.071335
-0.061413
-0.051490
-0.041568
-0.031645
-0.021723
-0.011801
-0.001878
0.008730
0.019338
0.029946
0.040554
0.051162
0.061770
0.072378
0.082986
0.093594
0.104202
0.114810
0.125418
0.136026
0.146634
0.157242
0.167850
0.178458
0.189066
0.199674
0.210282
0.220413
0.230544
0.240674
0.250805
0.260936
0.271066
0.281197
0.291328
0.301458
0.311589
0.321720
0.331851
0.341981
0.352112
0.362243
0.372373
0.382504
0.392635
0.402765
0.412896
0.420117
0.427338
0.434560
0.441781
0.449002
0.456223
0.463444
0.470665
0.477886
0.485108
0.492329
0.499550
0.506771
0.513992
0.521213
0.528435
0.535656
0.542877
0.550098
0.557319
0.562232
0.567144
0.572056
0.576969
0.581881
0.586793
0.591706
0.596618
0.601531
0.606443
0.611355
0.616268
0.621180
0.626092
0.631005
0.635917
0.640829
0.645742
0.650654
0.655566
0.656451
0.657335
0.658219
0.659104
0.659988
0.660872
0.661757
0.662641
0.663525
0.664409
0.665294
0.666178
0.667062
0.667947
0.668831
0.669715
0.670600
0.671484
0.672368
0.673252
0.670986
0.668720
0.666454
0.664188
0.661922
0.659656
0.657390
0.655123
0.652857
0.650591
0.648325
0.646059
0.643793
0.641527
0.639261
0.636994
0.634728
0.632462
0.630196
0.627930
0.623882
0.619835
0.615787
0.611739
0.607692
0.603644
0.599597
0.595549
0.591501
0.587454
0.583406
0.579359
0.575311
0.571263
0.567216
0.563168
0.559120
0.555073
0.551025
0.546978
0.540309
0.533640
0.526971
0.520303
0.513634
0.506965
0.500297
0.493628
0.486959
0.480290
0.473622
0.466953
0.460284
0.453616
0.446947
0.440278
0.433609
0.426941
0.420272
0.413603
0.403820
0.394037
0.384254
0.374471
0.364688
0.354905
0.345122
0.335339
0.325556
0.315773
0.305990
0.296207
0.286424
0.276640
0.266857
0.257074
0.247291
0.237508
0.227725
0.217942
0.206871
0.195800
0.184730
0.173659
0.162588
0.151517
0.140446
0.129375
0.118304
0.107234
0.096163
0.085092
0.074021
0.062950
0.051879
0.040808
0.029738
0.018667
0.007596
-0.003475
-0.015869
-0.028262
-0.040656
-0.053049
-0.065443
-0.077836
-0.090230
-0.102624
-0.115017
-0.127411
-0.139804
-0.152198
-0.164591
-0.176985
-0.189378
-0.201772
-0.214166
-0.226559
-0.238953
-0.251346
-0.262916
-0.274486
-0.286056
-0.297626
-0.309196
-0.320766
-0.332336
-0.343906
-0.355476
-0.367046
-0.378616
-0.390186
-0.401755
-0.413325
-0.424895
-0.436465
-0.448035
-0.459605
-0.471175
-0.482745
-0.492207
-0.501669
-0.511131
-0.520593
-0.530054
-0.539516
-0.548978
-0.558440
-0.567902
-0.577364
-0.586826
-0.596288
-0.605749
-0.615211
-0.624673
-0.634135
-0.643597
-0.653059
-0.662521
-0.671983
-0.677481
-0.682980
-0.688478
-0.693977
-0.699475
-0.704974
-0.710472
-0.715971
-0.721469
-0.726968
-0.732466
-0.737965
-0.743463
-0.748962
-0.754460
-0.759959
-0.765457
-0.770956
-0.776454
-0.781953
-0.782481
-0.783009
-0.783537
-0.784065
-0.784593
-0.785121
-0.785649
-0.786177
-0.786705
-0.787233
-0.787761
-0.788289
-0.788817
-0.789345
-0.789873
-0.790401
-0.790929
-0.791457
-0.791985
-0.792513
-0.789660
-0.786808
-0.783955
-0.781102
-0.778249
-0.775397
-0.772544
-0.769691
-0.766838
-0.763986
-0.761133
-0.758280
-0.755427
-0.752575
-0.749722
-0.746869
-0.744017
-0.741164
-0.738311
-0.735458
-0.730427
-0.725396
-0.720364
-0.715333
-0.710302
-0.705271
-0.700239
-0.695208
-0.690177
-0.685146
-0.680114
-0.675083
-0.670052
-0.665021
-0.659989
-0.654958
-0.649927
-0.644896
-0.639864
-0.634833
-0.626294
-0.617755
-0.609216
-0.600677
-0.592138
-0.583599
-0.575060
-0.566521
-0.557982
-0.549443
-0.540904
-0.532365
-0.523826
-0.515287
-0.506748
-0.498209
-0.489670
-0.481130
-0.472591
-0.464052
-0.452484
-0.440915
-0.429346
-0.417777
-0.406209
-0.394640
-0.383071
-0.371502
-0.359934
-0.348365
-0.336796
-0.325227
-0.313659
-0.302090
-0.290521
-0.278952
-0.267384
-0.255815
-0.244246
-0.232677
-0.220988
-0.209299
-0.197609
-0.185920
-0.174231
-0.162541
-0.150852
-0.139163
-0.127474
-0.115784
-0.104095
-0.092406
-0.080716
-0.069027
-0.057338
-0.045648
-0.033959
-0.022270
-0.010580
0.001109
0.012963
0.024816
0.036670
0.048524
0.060377
0.072231
0.084085
0.095938
0.107792
0.119646
0.131499
0.143353
0.155207
0.167060
0.178914
0.190768
0.202621
0.214475
0.226328
0.238182
0.249251
0.260320
0.271389
0.282458
0.293527
0.304596
0.315665
0.326734
0.337803
0.348871
0.359940
0.371009
0.382078
0.393147
0.404216
0.415285
0.426354
0.437423
0.448492
0.459561
0.466700
0.473840
0.480979
0.488119
0.495259
0.502398
0.509538
0.516677
0.523817
0.530957
0.538096
0.545236
0.552375
0.559515
0.566655
0.573794
0.580934
0.588073
0.595213
0.602353
0.607482
0.612612
0.617742
0.622872
0.628002
0.633132
0.638261
0.643391
0.648521
0.653651
0.658781
0.663911
0.669041
0.674170
0.679300
0.684430
0.689560
0.694690
0.699820
0.704949
0.706070
0.707191
0.708312
0.709433
0.710554
0.711675
0.712795
0.713916
0.715037
0.716158
0.717279
0.718400
0.719521
0.720642
0.721762
0.722883
0.724004
0.725125
0.726246
0.727367
0.724915
0.722464
0.720012
0.717560
0.715109
0.712657
0.710205
0.707754
0.705302
0.702851
0.700399
0.697947
0.695496
0.693044
0.690593
0.688141
0.685689
0.683238
0.680786
0.678334
0.673616
0.668897
0.664178
0.659459
0.654740
0.650021
0.645303
0.640584
0.635865
0.631146
0.626427
0.621708
0.616990
0.612271
0.607552
0.602833
0.598114
0.593395
0.588677
0.583958
0.575971
0.567984
0.559998
0.552011
0.544024
0.536038
0.528051
0.520065
0.512078
0.504091
0.496105
0.488118
0.480131
0.472145
0.464158
0.456171
0.448185
0.440198
0.432211
0.424225
0.413452
0.402680
0.391907
0.381135
0.370362
0.359590
0.348817
0.338045
0.327273
0.316500
0.305728
0.294955
0.284183
0.273410
0.262638
0.251865
0.241093
0.230320
0.219548
0.208775
0.197110
0.185445
0.173780
0.162115
0.150450
0.138785
0.127120
0.115455
0.103790
0.092125
0.080460
0.068795
0.057130
0.045465
0.033800
0.022135
0.010470
-0.001195
-0.012860
-0.024525
-0.035805
-0.047086
-0.058367
-0.069647
-0.080928
-0.092208
-0.103489
-0.114769
-0.126050
-0.137330
-0.148611
-0.159891
-0.171172
-0.182452
-0.193733
-0.205014
-0.216294
-0.227575
-0.238855
-0.250136
-0.260552
-0.270968
-0.281384
-0.291800
-0.302216
-0.312632
-0.323049
-0.333465
-0.343881
-0.354297
-0.364713
-0.375129
-0.385545
-0.395961
-0.406378
-0.416794
-0.427210
-0.437626
-0.448042
-0.458458
-0.467574
-0.476690
-0.485806
-0.494922
-0.504038
-0.513154
-0.522270
-0.531387
-0.540503
-0.549619
-0.558735
-0.567851
-0.576967
-0.586083
-0.595199
-0.604315
-0.613431
-0.622547
-0.631663
-0.640779
-0.647587
-0.654395
-0.661203
-0.668012
-0.674820
-0.681628
-0.688436
-0.695244
-0.702053
-0.708861
-0.715669
-0.722477
-0.729285
-0.736094
-0.742902
-0.749710
-0.756518
-0.763326
-0.770134
-0.776943
-0.777630
-0.778318
-0.779005
-0.779693
-0.780380
-0.781068
-0.781755
-0.782443
-0.783130
-0.783818
-0.784505
-0.785193
-0.785880
-0.786567
-0.787255
-0.787942
-0.788630
-0.789317
-0.790005
-0.790692
-0.788500
-0.786307
-0.784114
-0.781921
-0.779728
-0.777536
-0.775343
-0.773150
-0.770957
-0.768764
-0.766572
-0.764379
-0.762186
-0.759993
-0.757800
-0.755608
-0.753415
-0.751222
-0.749029
-0.746836
-0.740690
-0.734543
-0.728396
-0.722249
-0.716102
-0.709956
-0.703809
-0.697662
-0.691515
-0.685368
-0.679222
-0.673075
-0.666928
-0.660781
-0.654634
-0.648487
-0.642341
-0.636194
-0.630047
-0.623900
-0.615397
-0.606894
-0.598391
-0.589887
-0.581384
-0.572881
-0.564378
-0.555874
-0.547371
-0.538868
-0.530365
-0.521861
-0.513358
-0.504855
-0.496352
-0.487848
-0.479345
-0.470842
-0.462339
-0.453836
-0.441353
-0.428870
-0.416388
-0.403905
-0.391423
-0.378940
-0.366457
-0.353975
-0.341492
-0.329010
-0.316527
-0.304045
-0.291562
-0.279079
-0.266597
-0.254114
-0.241632
-0.229149
-0.216667
-0.204184
-0.190620
-0.177057
-0.163493
-0.149930
-0.136366
-0.122803
-0.109239
-0.095675
-0.082112
-0.068548
-0.054985
-0.041421
-0.027858
-0.014294
-0.000731
0.012833
0.026397
0.039960
0.053524
0.067087
0.078931
0.090776
0.102620
0.114464
0.126308
0.138152
0.149997
0.161841
0.173685
0.185529
0.197373
0.209218
0.221062
0.232906
0.244750
0.256594
0.268439
0.280283
0.292127
0.303971
0.314287
0.324603
0.334919
0.345235
0.355551
0.365867
0.376183
0.386499
0.396815
0.407131
0.417447
0.427763
0.438079
0.448395
0.458711
0.469027
0.479343
0.489659
0.499975
0.510291
0.520152
0.530012
0.539873
0.549733
0.559594
0.569454
0.579315
0.589175
0.599036
0.608896
0.618757
0.628617
0.638478
0.648338
0.658199
0.668059
0.677920
0.687780
0.697641
0.707501
0.712451
0.717400
0.722350
0.727300
0.732249
0.737199
0.742148
0.747098
0.752048
0.756997
0.761947
0.766897
0.771846
0.776796
0.781746
0.786695
0.791645
0.796594
0.801544
0.806494
0.809600
0.812706
0.815812
0.818918
0.822024
0.825130
0.828236
0.831342
0.834448
0.837554
0.840661
0.843767
0.846873
0.849979
0.853085
0.856191
0.859297
0.862403
0.865509
0.868615
0.867175
0.865735
0.864296
0.862856
0.861416
0.859976
0.858536
0.857096
0.855656
0.854216
0.852777
0.851337
0.849897
0.848457
0.847017
0.845577
0.844137
0.842698
0.841258
0.839818
0.835174
0.830530
0.825886
0.821242
0.816598
0.811954
0.807310
0.802666
0.798022
0.793378
0.788734
0.784090
0.779446
0.774802
0.770158
0.765514
0.760870
0.756226
0.751582
0.746938
0.741675
0.736412
0.731149
0.725886
0.720623
0.715360
0.710097
0.704834
0.699571
0.694308
0.689045
0.683782
0.678519
0.673256
0.667993
0.662730
0.657467
0.652204
0.646941
0.641678
0.635032
0.628385
0.621738
0.615091
0.608444
0.601798
0.595151
0.588504
0.581857
0.575210
0.568564
0.561917
0.555270
0.548623
0.541976
0.535330
0.528683
0.522036
0.515389
0.508742
0.505085
0.501427
0.497769
0.494111
0.490454
0.486796
0.483138
0.479480
0.475823
0.472165
0.468507
0.464849
0.461192
0.457534
0.453876
0.450218
0.446561
0.442903
0.439245
0.435587