2001 1
-0.548469
-0.550118
-0.551767
-0.553416
-0.555065
-0.556714
-0.558363
-0.560012
-0.561661
-0.563310
-0.564959
-0.566608
-0.568257
-0.569906
-0.571555
-0.573204
-0.574853
-0.576502
-0.578151
-0.579800
-0.581449
-0.584818
-0.588187
-0.591556
-0.594925
-0.598294
-0.601663
-0.605032
-0.608401
-0.611770
-0.615138
-0.618507
-0.621876
-0.625245
-0.628614
-0.631983
-0.635352
-0.638721
-0.642090
-0.645459
-0.648828
-0.651296
-0.653765
-0.656233
-0.658702
-0.661170
-0.663638
-0.666107
-0.668575
-0.671043
-0.673512
-0.675980
-0.678449
-0.680917
-0.683385
-0.685854
-0.688322
-0.690791
-0.693259
-0.695727
-0.698196
-0.700099
-0.702003
-0.703906
-0.705810
-0.707713
-0.709616
-0.711520
-0.713423
-0.715327
-0.717230
-0.719134
-0.721037
-0.722941
-0.724844
-0.726748
-0.728651
-0.730554
-0.732458
-0.734361
-0.736265
-0.735288
-0.734312
-0.733336
-0.732359
-0.731383
-0.730406
-0.729430
-0.728454
-0.727477
-0.726501
-0.725525
-0.724548
-0.723572
-0.722595
-0.721619
-0.720643
-0.719666
-0.718690
-0.717713
-0.716737
-0.712981
-0.709226
-0.705470
-0.701715
-0.697959
-0.694203
-0.690448
-0.686692
-0.682937
-0.679181
-0.675425
-0.671670
-0.667914
-0.664159
-0.660403
-0.656647
-0.652892
-0.649136
-0.645381
-0.641625
-0.636166
-0.630707
-0.625248
-0.619788
-0.614329
-0.608870
-0.603411
-0.597952
-0.592493
-0.587034
-0.581574
-0.576115
-0.570656
-0.565197
-0.559738
-0.554279
-0.548820
-0.543360
-0.537901
-0.532442
-0.524756
-0.517069
-0.509383
-0.501696
-0.494010
-0.486324
-0.478637
-0.470951
-0.463264
-0.455578
-0.447891
-0.440205
-0.432518
-0.424832
-0.417146
-0.409459
-0.401773
-0.394086
-0.386400
-0.378713
-0.369084
-0.359455
-0.349826
-0.340197
-0.330568
-0.320939
-0.311310
-0.301681
-0.292052
-0.282423
-0.272794
-0.263165
-0.253536
-0.243907
-0.234278
-0.224649
-0.215020
-0.205391
-0.195762
-0.186133
-0.175928
-0.165724
-0.155519
-0.145314
-0.135110
-0.124905
-0.114700
-0.104496
-0.094291
-0.084087
-0.073882
-0.063677
-0.053473
-0.043268
-0.033063
-0.022859
-0.012654
-0.002450
0.007755
0.017960
0.027169
0.036379
0.045589
0.054798
0.064008
0.073217
0.082427
0.091637
0.100846
0.110056
0.119266
0.128475
0.137685
0.146895
0.156104
0.165314
0.174523
0.183733
0.192943
0.202152
0.210625
0.219098
0.227571
0.236044
0.244517
0.252991
0.261464
0.269937
0.278410
0.286883
0.295356
0.303829
0.312302
0.320775
0.329248
0.337721
0.346194
0.354667
0.363140
0.371613
0.378496
0.385380
0.392263
0.399147
0.406030
0.412913
0.419797
0.426680
0.433564
0.440447
0.447331
0.454214
0.461097
0.467981
0.474864
0.481748
0.488631
0.495515
0.502398
0.509281
0.513708
0.518135
0.522563
0.526990
0.531417
0.535844
0.540271
0.544698
0.549125
0.553552
0.557979
0.562406
0.566833
0.571260
0.575687
0.580114
0.584541
0.588968
0.593395
0.597822
0.599366
0.600909
0.602452
0.603995
0.605538
0.607081
0.608625
0.610168
0.611711
0.613254
0.614797
0.616340
0.617884
0.619427
0.620970
0.622513
0.624056
0.625599
0.627143
0.628686
0.626982
0.625277
0.623573
0.621869
0.620165
0.618461
0.616756
0.615052
0.613348
0.611644
0.609940
0.608235
0.606531
0.604827
0.603123
0.601419
0.599714
0.598010
0.596306
0.594602
0.589341
0.584080
0.578819
0.573558
0.568297
0.563036
0.557775
0.552514
0.547253
0.541992
0.536731
0.531470
0.526210
0.520949
0.515688
0.510427
0.505166
0.499905
0.494644
0.489383
0.482263
0.475143
0.468023
0.460903
0.453783
0.446663
0.439544
0.432424
0.425304
0.418184
0.411064
0.403944
0.396824
0.389704
0.382584
0.375464
0.368344
0.361225
0.354105
0.346985
0.338243
0.329501
0.320759
0.312017
0.303275
0.294533
0.285791
0.277049
0.268307
0.259566
0.250824
0.242082
0.233340
0.224598
0.215856
0.207114
0.198372
0.189630
0.180888
0.172146
0.162797
0.153448
0.144099
0.134750
0.125402
0.116053
0.106704
0.097355
0.088006
0.078657
0.069308
0.059959
0.050610
0.041261
0.031912
0.022563
0.013214
0.003865
-0.005484
-0.014833
-0.023957
-0.033082
-0.042206
-0.051331
-0.060455
-0.069580
-0.078704
-0.087828
-0.096953
-0.106077
-0.115202
-0.124326
-0.133450
-0.142575
-0.151699
-0.160824
-0.169948
-0.179073
-0.188197
-0.197321
-0.205410
-0.213499
-0.221588
-0.229677
-0.237766
-0.245855
-0.253944
-0.262033
-0.270122
-0.278211
-0.286300
-0.294389
-0.302478
-0.310567
-0.318656
-0.326745
-0.334834
-0.342923
-0.351012
-0.359101
-0.365411
-0.371721
-0.378031
-0.384341
-0.390651
-0.396961
-0.403272
-0.409582
-0.415892
-0.422202
-0.428512
-0.434822
-0.441132
-0.447443
-0.453753
-0.460063
-0.466373
-0.472683
-0.478993
-0.485303
-0.489912
-0.494521
-0.499130
-0.503738
-0.508347
-0.512956
-0.517565
-0.522173
-0.526782
-0.531391
-0.536000
-0.540608
-0.545217
-0.549826
-0.554435
-0.559043
-0.563652
-0.568261
-0.572869
-0.577478
-0.579423
-0.581368
-0.583313
-0.585258
-0.587203
-0.589148
-0.591093
-0.593038
-0.594983
-0.596928
-0.598873
-0.600818
-0.602763
-0.604708
-0.606653
-0.608598
-0.610543
-0.612487
-0.614432
-0.616377
-0.615212
-0.614047
-0.612882
-0.611717
-0.610552
-0.609387
-0.608222
-0.607057
-0.605892
-0.604727
-0.603562
-0.602397
-0.601232
-0.600067
-0.598902
-0.597737
-0.596572
-0.595407
-0.594242
-0.593077
-0.589602
-0.586128
-0.582653
-0.579179
-0.575704
-0.572230
-0.568755
-0.565281
-0.561806
-0.558332
-0.554857
-0.551383
-0.547908
-0.544434
-0.540959
-0.537485
-0.534010
-0.530536
-0.527061
-0.523587
-0.517521
-0.511454
-0.505388
-0.499322
-0.493255
-0.487189
-0.481122
-0.475056
-0.468990
-0.462923
-0.456857
-0.450791
-0.444724
-0.438658
-0.432591
-0.426525
-0.420459
-0.414392
-0.408326
-0.402260
-0.393785
-0.385310
-0.376835
-0.368361
-0.359886
-0.351411
-0.342937
-0.334462
-0.325987
-0.317513
-0.309038
-0.300563
-0.292088
-0.283614
-0.275139
-0.266664
-0.258190
-0.249715
-0.241240
-0.232765
-0.222508
-0.212251
-0.201994
-0.191737
-0.181480
-0.171222
-0.160965
-0.150708
-0.140451
-0.130194
-0.119936
-0.109679
-0.099422
-0.089165
-0.078908
-0.068650
-0.058393
-0.048136
-0.037879
-0.027622
-0.017518
-0.007415
0.002689
0.012792
0.022896
0.032999
0.043103
0.053206
0.063310
0.073413
0.083516
0.093620
0.103723
0.113827
0.123930
0.134034
0.144137
0.154241
0.164344
0.174448
0.183613
0.192778
0.201944
0.211109
0.220275
0.229440
0.238606
0.247771
0.256937
0.266102
0.275267
0.284433
0.293598
0.302764
0.311929
0.321095
0.330260
0.339426
0.348591
0.357756
0.364188
0.370619
0.377050
0.383481
0.389912
0.396344
0.402775
0.409206
0.415637
0.422069
0.428500
0.434931
0.441362
0.447793
0.454225
0.460656
0.467087
0.473518
0.479949
0.486381
0.489876
0.493372
0.496868
0.500364
0.503859
0.507355
0.510851
0.514347
0.517843
0.521338
0.524834
0.528330
0.531826
0.535321
0.538817
0.542313
0.545809
0.549305
0.552800
0.556296
0.557493
0.558690
0.559887
0.561084
0.562281
0.563477
0.564674
0.565871
0.567068
0.568265
0.569462
0.570659
0.571856
0.573053
0.574250
0.575446
0.576643
0.577840
0.579037
0.580234
0.578408
0.576581
0.574755
0.572928
0.571102
0.569275
0.567449
0.565622
0.563796
0.561969
0.560143
0.558316
0.556490
0.554663
0.552837
0.551011
0.549184
0.547358
0.545531
0.543705
0.538791
0.533877
0.528962
0.524048
0.519134
0.514220
0.509306
0.504392
0.499478
0.494564
0.489650
0.484736
0.479822
0.474908
0.469994
0.465080
0.460166
0.455251
0.450337
0.445423
0.437464
0.429505
0.421546
0.413587
0.405628
0.397669
0.389710
0.381751
0.373792
0.365832
0.357873
0.349914
0.341955
0.333996
0.326037
0.318078
0.310119
0.302160
0.294201
0.286242
0.277982
0.269722
0.261463
0.253203
0.244943
0.236684
0.228424
0.220164
0.211905
0.203645
0.195385
0.187126
0.178866
0.170607
0.162347
0.154087
0.145828
0.137568
0.129308
0.121049
0.113132
0.105215
0.097299
0.089382
0.081466
0.073549
0.065633
0.057716
0.049799
0.041883
0.033966
0.026050
0.018133
0.010216
0.002300
-0.005617
-0.013533
-0.021450
-0.029366
-0.037283
-0.045600
-0.053918
-0.062235
-0.070553
-0.078870
-0.087188
-0.095505
-0.103823
-0.112140
-0.120458
-0.128775
-0.137092
-0.145410
-0.153727
-0.162045
-0.170362
-0.178680
-0.186997
-0.195315
-0.203632
-0.210825
-0.218018
-0.225211
-0.232403
-0.239596
-0.246789
-0.253982
-0.261175
-0.268368
-0.275560
-0.282753
-0.289946
-0.297139
-0.304332
-0.311525
-0.318717
-0.325910
-0.333103
-0.340296
-0.347489
-0.353961
-0.360433
-0.366905
-0.373377
-0.379850
-0.386322
-0.392794
-0.399266
-0.405738
-0.412210
-0.418683
-0.425155
-0.431627
-0.438099
-0.444571
-0.451044
-0.457516
-0.463988
-0.470460
-0.476932
-0.480594
-0.484256
-0.487917
-0.491579
-0.495241
-0.498902
-0.502564
-0.506226
-0.509887
-0.513549
-0.517211
-0.520872
-0.524534
-0.528196
-0.531857
-0.535519
-0.539181
-0.542842
-0.546504
-0.550166
-0.550964
-0.551761
-0.552559
-0.553357
-0.554155
-0.554953
-0.555751
-0.556549
-0.557347
-0.558144
-0.558942
-0.559740
-0.560538
-0.561336
-0.562134
-0.562932
-0.563729
-0.564527
-0.565325
-0.566123
-0.563992
-0.561861
-0.559730
-0.557598
-0.555467
-0.553336
-0.551205
-0.549074
-0.546943
-0.544811
-0.542680
-0.540549
-0.538418
-0.536287
-0.534156
-0.532025
-0.529893
-0.527762
-0.525631
-0.523500
-0.519410
-0.515320
-0.511230
-0.507140
-0.503050
-0.498960
-0.494870
-0.490780
-0.486690
-0.482600
-0.478510
-0.474420
-0.470330
-0.466240
-0.462150
-0.458060
-0.453970
-0.449880
-0.445790
-0.441700
-0.435437
-0.429174
-0.422910
-0.416647
-0.410384
-0.404121
-0.397857
-0.391594
-0.385331
-0.379067
-0.372804
-0.366541
-0.360278
-0.354014
-0.347751
-0.341488
-0.335225
-0.328961
-0.322698
-0.316435
-0.308710
-0.300986
-0.293262
-0.285537
-0.277813
-0.270089
-0.262364
-0.254640
-0.246916
-0.239191
-0.231467
-0.223743
-0.216019
-0.208294
-0.200570
-0.192846
-0.185121
-0.177397
-0.169673
-0.161948
-0.154059
-0.146170
-0.138281
-0.130392
-0.122503
-0.114613
-0.106724
-0.098835
-0.090946
-0.083057
-0.075168
-0.067279
-0.059389
-0.051500
-0.043611
-0.035722
-0.027833
-0.019944
-0.012055
-0.004165
0.003992
0.012149
0.020306
0.028463
0.036620
0.044777
0.052934
0.061091
0.069248
0.077405
0.085562
0.093719
0.101876
0.110034
0.118191
0.126348
0.134505
0.142662
0.150819
0.158976
0.166560
0.174144
0.181728
0.189311
0.196895
0.204479
0.212063
0.219647
0.227231
0.234814
0.242398
0.249982
0.257566
0.265150
0.272734
0.280317
0.287901
0.295485
0.303069
0.310653
0.316281
0.321909
0.327538
0.333166
0.338795
0.344423
0.350051
0.355680
0.361308
0.366937
0.372565
0.378193
0.383822
0.389450
0.395079
0.400707
0.406335
0.411964
0.417592
0.423221
0.426910
0.430600
0.434289
0.437979
0.441668
0.445358
0.449047
0.452737
0.456426
0.460116
0.463805
0.467495
0.471184
0.474874
0.478563
0.482253
0.485942
0.489632
0.493321
0.497011
0.497869
0.498727
0.499585
0.500443
0.501301
0.502159
0.503017
0.503875
0.504733
0.505591
0.506449
0.507307
0.508165
0.509023
0.509881
0.510739
0.511597
0.512455
0.513313
0.514171
0.512558
0.510945
0.509332
0.507719
0.506106
0.504494
0.502881
0.501268
0.499655
0.498042
0.496429
0.494816
0.493203
0.491590
0.489977
0.488364
0.486751
0.485138
0.483525
0.481912
0.478492
0.475072
0.471652
0.468232
0.464812
0.461392
0.457972
0.454552
0.451132
0.447712
0.444293
0.440873
0.437453
0.434033
0.430613
0.427193
0.423773
0.420353
0.416933
0.413513
0.408029
0.402545
0.397061
0.391577
0.386093
0.380609
0.375125
0.369641
0.364157
0.358673
0.353190
0.347706
0.342222
0.336738
0.331254
0.325770
0.320286
0.314802
0.309318
0.303834
0.296255
0.288676
0.281096
0.273517
0.265937
0.258358
0.250778
0.243199
0.235620
0.228040
0.220461
0.212881
0.205302
0.197723
0.190143
0.182564
0.174984
0.167405
0.159826
0.152246
0.143652
0.135058
0.126463
0.117869
0.109275
0.100680
0.092086
0.083491
0.074897
0.066303
0.057708
0.049114
0.040520
0.031925
0.023331
0.014737
0.006142
-0.002452
-0.011046
-0.019641
-0.028902
-0.038164
-0.047426
-0.056687
-0.065949
-0.075211
-0.084472
-0.093734
-0.102996
-0.112258
-0.121519
-0.130781
-0.140043
-0.149304
-0.158566
-0.167828
-0.177089
-0.186351
-0.195613
-0.204875
-0.213455
-0.222035
-0.230615
-0.239195
-0.247775
-0.256355
-0.264935
-0.273515
-0.282095
-0.290675
-0.299255
-0.307835
-0.316415
-0.324995
-0.333575
-0.342155
-0.350735
-0.359315
-0.367895
-0.376475
-0.383403
-0.390331
-0.397259
-0.404187
-0.411115
-0.418043
-0.424970
-0.431898
-0.438826
-0.445754
-0.452682
-0.459610
-0.466538
-0.473466
-0.480394
-0.487322
-0.494250
-0.501178
-0.508105
-0.515033
-0.519168
-0.523303
-0.527438
-0.531574
-0.535709
-0.539844
-0.543979
-0.548114
-0.552249
-0.556384
-0.560519
-0.564654
-0.568789
-0.572924
-0.577059
-0.581194
-0.585329
-0.589464
-0.593599
-0.597734
-0.598458
-0.599183
-0.599908
-0.600632
-0.601357
-0.602082
-0.602806
-0.603531
-0.604255
-0.604980
-0.605705
-0.606429
-0.607154
-0.607879
-0.608603
-0.609328
-0.610052
-0.610777
-0.611502
-0.612226
-0.610229
-0.608232
-0.606235
-0.604238
-0.602241
-0.600244
-0.598247
-0.596250
-0.594253
-0.592256
-0.590260
-0.588263
-0.586266
-0.584269
-0.582272
-0.580275
-0.578278
-0.576281
-0.574284
-0.572287
-0.568192
-0.564098
-0.560004
-0.555910
-0.551815
-0.547721
-0.543627
-0.539533
-0.535438
-0.531344
-0.527250
-0.523155
-0.519061
-0.514967
-0.510873
-0.506778
-0.502684
-0.498590
-0.494495
-0.490401
-0.483795
-0.477188
-0.470582
-0.463975
-0.457369
-0.450762
-0.444156
-0.437549
-0.430943
-0.424336
-0.417730
-0.411123
-0.404517
-0.397910
-0.391303
-0.384697
-0.378090
-0.371484
-0.364877
-0.358271
-0.349633
-0.340996
-0.332358
-0.323720
-0.315082
-0.306445
-0.297807
-0.289169
-0.280531
-0.271894
-0.263256
-0.254618
-0.245981
-0.237343
-0.228705
-0.220067
-0.211430
-0.202792
-0.194154
-0.185517
-0.176484
-0.167451
-0.158419
-0.149386
-0.140354
-0.131321
-0.122289
-0.113256
-0.104224
-0.095191
-0.086159
-0.077126
-0.068094
-0.059061
-0.050029
-0.040996
-0.031964
-0.022931
-0.013899
-0.004866
0.004191
0.013248
0.022305
0.031362
0.040419
0.049476
0.058534
0.067591
0.076648
0.085705
0.094762
0.103819
0.112876
0.121933
0.130990
0.140047
0.149104
0.158161
0.167219
0.176276
0.184554
0.192833
0.201112
0.209390
0.217669
0.225948
0.234227
0.242505
0.250784
0.259063
0.267342
0.275620
0.283899
0.292178
0.300456
0.308735
0.317014
0.325293
0.333571
0.341850
0.347637
0.353424
0.359210
0.364997
0.370784
0.376571
0.382358
0.388144
0.393931
0.399718
0.405505
0.411292
0.417078
0.422865
0.428652
0.434439
0.440225
0.446012
0.451799
0.457586
0.461480
0.465374
0.469268
0.473162
0.477056
0.480950
0.484844
0.488739
0.492633
0.496527
0.500421
0.504315
0.508209
0.512103
0.515997
0.519891
0.523785
0.527680
0.531574
0.535468
0.536458
0.537449
0.538440
0.539430
0.540421
0.541412
0.542402
0.543393
0.544384
0.545374
0.546365
0.547355
0.548346
0.549337
0.550327
0.551318
0.552309
0.553299
0.554290
0.555281
0.553530
0.551779
0.550029
0.548278
0.546528
0.544777
0.543026
0.541276
0.539525
0.537775
0.536024
0.534273
0.532523
0.530772
0.529022
0.527271
0.525520
0.523770
0.522019
0.520269
0.516421
0.512574
0.508726
0.504879
0.501032
0.497184
0.493337
0.489489
0.485642
0.481794
0.477947
0.474100
0.470252
0.466405
0.462557
0.458710
0.454863
0.451015
0.447168
0.443320
0.437088
0.430856
0.424623
0.418391
0.412159
0.405927
0.399694
0.393462
0.387230
0.380998
0.374765
0.368533
0.362301
0.356068
0.349836
0.343604
0.337372
0.331139
0.324907
0.318675
0.310514
0.302354
0.294193
0.286033
0.277872
0.269712
0.261551
0.253391
0.245230
0.237069
0.228909
0.220748
0.212588
0.204427
0.196267
0.188106
0.179946
0.171785
0.163625
0.155464
0.146543
0.137623
0.128702
0.119781
0.110860
0.101939
0.093018
0.084098
0.075177
0.066256
0.057335
0.048414
0.039494
0.030573
0.021652
0.012731
0.003810
-0.005111
-0.014031
-0.022952
-0.031702
-0.040452
-0.049201
-0.057951
-0.066701
-0.075450
-0.084200
-0.092950
-0.101699
-0.110449
-0.119199
-0.127948
-0.136698
-0.145448
-0.154197
-0.162947
-0.171697
-0.180447
-0.189196
-0.197946
-0.205955
-0.213964
-0.221974
-0.229983
-0.237992
-0.246002
-0.254011
-0.262020
-0.270029
-0.278039
-0.286048
-0.294057
-0.302066
-0.310076
-0.318085
-0.326094
-0.334104
-0.342113
-0.350122
-0.358131
-0.364867
-0.371604
-0.378340
-0.385076
-0.391812
-0.398548
-0.405284
-0.412020
-0.418756
-0.425492
-0.432228
-0.438964
-0.445700
-0.452437
-0.459173
-0.465909
-0.472645
-0.479381
-0.486117
-0.492853
-0.497550
-0.502246
-0.506943
-0.511639
-0.516336
-0.521032
-0.525729
-0.530425
-0.535122
-0.539818
-0.544515
-0.549211
-0.553908
-0.558604
-0.563301
-0.567997
-0.572694
-0.577391
-0.582087
-0.586784
-0.587549
-0.588314
-0.589079
-0.589844
-0.590609
-0.591374
-0.592140
-0.592905
-0.593670
-0.594435
-0.595200
-0.595965
-0.596730
-0.597495
-0.598261
-0.599026
-0.599791
-0.600556
-0.601321
-0.602086
-0.600277
-0.598467
-0.596658
-0.594848
-0.593039
-0.591229
-0.589420
-0.587610
-0.585801
-0.583992
-0.582182
-0.580373
-0.578563
-0.576754
-0.574944
-0.573135
-0.571325
-0.569516
-0.567706
-0.565897
-0.561123
-0.556349
-0.551575
-0.546801
-0.542027
-0.537254
-0.532480
-0.527706
-0.522932
-0.518158
-0.513384
-0.508610
-0.503837
-0.499063
-0.494289
-0.489515
-0.484741
-0.479967
-0.475193
-0.470420
-0.463545
-0.456671
-0.449797
-0.442923
-0.436049
-0.429174
-0.422300
-0.415426
-0.408552
-0.401678
-0.394803
-0.387929
-0.381055
-0.374181
-0.367307
-0.360433
-0.353558
-0.346684
-0.339810
-0.332936
-0.323526
-0.314115
-0.304705
-0.295295
-0.285885
-0.276475
-0.267064
-0.257654
-0.248244
-0.238834
-0.229424
-0.220013
-0.210603
-0.201193
-0.191783
-0.182373
-0.172962
-0.163552
-0.154142
-0.144732
-0.134438
-0.124144
-0.113851
-0.103557
-0.093264
-0.082970
-0.072676
-0.062383
-0.052089
-0.041795
-0.031502
-0.021208
-0.010915
-0.000621
0.009673
0.019966
0.030260
0.040554
0.050847
0.061141
0.070677
0.080213
0.089750
0.099286
0.108822
0.118358
0.127895
0.137431
0.146967
0.156504
0.166040
0.175576
0.185112
0.194649
0.204185
0.213721
0.223257
0.232794
0.242330
0.251866
0.260387
0.268908
0.277429
0.285950
0.294471
0.302991
0.311512
0.320033
0.328554
0.337075
0.345596
0.354117
0.362638
0.371158
0.379679
0.388200
0.396721
0.405242
0.413763
0.422284
0.429972
0.437660
0.445349
0.453037
0.460726
0.468414
0.476102
0.483791
0.491479
0.499168
0.506856
0.514544
0.522233
0.529921
0.537610
0.545298
0.552987
0.560675
0.568363
0.576052
0.580740
0.585429
0.590117
0.594806
0.599494
0.604183
0.608871
0.613560
0.618248
0.622937
0.627625
0.632314
0.637002
0.641691
0.646379
0.651068
0.655756
0.660445
0.665134
0.669822
0.672746
0.675670
0.678594
0.681518
0.684442
0.687366
0.690290
0.693214
0.696138
0.699062
0.701986
0.704910
0.707834
0.710758
0.713682
0.716606
0.719530
0.722454
0.725378
0.728302
0.728313
0.728324
0.728334
0.728345
0.728356
0.728367
0.728378
0.728388
0.728399
0.728410
0.728421
0.728432
0.728442
0.728453
0.728464
0.728475
0.728486
0.728497
0.728507
0.728518
0.726385
0.724252
0.722119
0.719986
0.717852
0.715719
0.713586
0.711453
0.709320
0.707187
0.705054
0.702921
0.700787
0.698654
0.696521
0.694388
0.692255
0.690122
0.687989
0.685855
0.683019
0.680182
0.677345
0.674509
0.671672
0.668835
0.665999
0.663162
0.660325
0.657489
0.654652
0.651815
0.648979
0.646142
0.643305
0.640469
0.637632
0.634795
0.631959
0.629122
0.625619
0.622116
0.618613
0.615110
0.611607
0.608104
0.604601
0.601098
0.597595
0.594092
0.590589
0.587086
0.583583
0.580080
0.576577
0.573074
0.569571
0.566068
0.562565
0.559062
0.557168
0.555273
0.553379
0.551485
0.549591
0.547697
0.545803
0.543909
0.542015
0.540121
0.538226
0.536332
0.534438
0.532544
0.530650
0.528756
0.526862
0.524968
0.523073
0.521179