2001 1
-0.307091
-0.310655
-0.314218
-0.317782
-0.321345
-0.324908
-0.328472
-0.332035
-0.335598
-0.339162
-0.342725
-0.346289
-0.349852
-0.353415
-0.356979
-0.360542
-0.364106
-0.367669
-0.371232
-0.374796
-0.378359
-0.386463
-0.394566
-0.402670
-0.410773
-0.418877
-0.426980
-0.435084
-0.443187
-0.451291
-0.459394
-0.467498
-0.475601
-0.483705
-0.491808
-0.499912
-0.508015
-0.516119
-0.524222
-0.532326
-0.540429
-0.547297
-0.554165
-0.561034
-0.567902
-0.574770
-0.581638
-0.588506
-0.595374
-0.602242
-0.609111
-0.615979
-0.622847
-0.629715
-0.636583
-0.643451
-0.650319
-0.657187
-0.664056
-0.670924
-0.677792
-0.682877
-0.687963
-0.693048
-0.698134
-0.703219
-0.708305
-0.713390
-0.718476
-0.723561
-0.728647
-0.733732
-0.738818
-0.743903
-0.748989
-0.754074
-0.759160
-0.764245
-0.769331
-0.774416
-0.779502
-0.781972
-0.784442
-0.786912
-0.789382
-0.791852
-0.794322
-0.796793
-0.799263
-0.801733
-0.804203
-0.806673
-0.809143
-0.811613
-0.814083
-0.816553
-0.819023
-0.821494
-0.823964
-0.826434
-0.828904
-0.828347
-0.827789
-0.827232
-0.826675
-0.826118
-0.825561
-0.825004
-0.824446
-0.823889
-0.823332
-0.822775
-0.822218
-0.821661
-0.821103
-0.820546
-0.819989
-0.819432
-0.818875
-0.818317
-0.817760
-0.812340
-0.806920
-0.801500
-0.796080
-0.790660
-0.785240
-0.779820
-0.774400
-0.768980
-0.763560
-0.758140
-0.752721
-0.747301
-0.741881
-0.736461
-0.731041
-0.725621
-0.720201
-0.714781
-0.709361
-0.699944
-0.690527
-0.681109
-0.671692
-0.662275
-0.652858
-0.643441
-0.634024
-0.624607
-0.615190
-0.605773
-0.596356
-0.586939
-0.577522
-0.568105
-0.558687
-0.549270
-0.539853
-0.530436
-0.521019
-0.509092
-0.497164
-0.485236
-0.473309
-0.461381
-0.449454
-0.437526
-0.425598
-0.413671
-0.401743
-0.389816
-0.377888
-0.365961
-0.354033
-0.342105
-0.330178
-0.318250
-0.306323
-0.294395
-0.282467
-0.269230
-0.255992
-0.242754
-0.229516
-0.216278
-0.203041
-0.189803
-0.176565
-0.163327
-0.150089
-0.136852
-0.123614
-0.110376
-0.097138
-0.083901
-0.070663
-0.057425
-0.044187
-0.030949
-0.017712
-0.004446
0.008819
0.022085
0.035350
0.048616
0.061881
0.075147
0.088412
0.101678
0.114943
0.128209
0.141474
0.154740
0.168005
0.181271
0.194536
0.207802
0.221067
0.234333
0.247598
0.260652
0.273707
0.286761
0.299815
0.312869
0.325923
0.338978
0.352032
0.365086
0.378140
0.391194
0.404249
0.417303
0.430357
0.443411
0.456465
0.469520
0.482574
0.495628
0.508682
0.517736
0.526790
0.535844
0.544898
0.553951
0.563005
0.572059
0.581113
0.590167
0.599221
0.608275
0.617328
0.626382
0.635436
0.644490
0.653544
0.662598
0.671651
0.680705
0.689759
0.696617
0.703474
0.710332
0.717190
0.724047
0.730905
0.737763
0.744620
0.751478
0.758336
0.765193
0.772051
0.778908
0.785766
0.792624
0.799481
0.806339
0.813197
0.820054
0.826912
0.829344
0.831776
0.834207
0.836639
0.839071
0.841503
0.843935
0.846367
0.848799
0.851230
0.853662
0.856094
0.858526
0.860958
0.863390
0.865822
0.868254
0.870685
0.873117
0.875549
0.872543
0.869537
0.866531
0.863525
0.860519
0.857514
0.854508
0.851502
0.848496
0.845490
0.842484
0.839478
0.836472
0.833466
0.830460
0.827454
0.824448
0.821442
0.818436
0.815431
0.808657
0.801884
0.795110
0.788337
0.781564
0.774790
0.768017
0.761243
0.754470
0.747697
0.740923
0.734150
0.727376
0.720603
0.713830
0.707056
0.700283
0.693510
0.686736
0.679963
0.670568
0.661174
0.651779
0.642385
0.632990
0.623596
0.614201
0.604807
0.595412
0.586018
0.576623
0.567229
0.557834
0.548439
0.539045
0.529650
0.520256
0.510861
0.501467
0.492072
0.481058
0.470043
0.459029
0.448014
0.437000
0.425985
0.414971
0.403956
0.392942
0.381927
0.370913
0.359898
0.348884
0.337869
0.326855
0.315840
0.304826
0.293811
0.282797
0.271782
0.258759
0.245735
0.232712
0.219688
0.206665
0.193641
0.180618
0.167594
0.154571
0.141547
0.128524
0.115501
0.102477
0.089454
0.076430
0.063407
0.050383
0.037360
0.024336
0.011313
-0.001799
-0.014910
-0.028022
-0.041133
-0.054245
-0.067356
-0.080468
-0.093579
-0.106691
-0.119802
-0.132914
-0.146025
-0.159137
-0.172248
-0.185360
-0.198471
-0.211583
-0.224694
-0.237806
-0.250917
-0.261871
-0.272825
-0.283779
-0.294733
-0.305687
-0.316640
-0.327594
-0.338548
-0.349502
-0.360456
-0.371410
-0.382364
-0.393317
-0.404271
-0.415225
-0.426179
-0.437133
-0.448087
-0.459040
-0.469994
-0.479741
-0.489488
-0.499235
-0.508982
-0.518729
-0.528476
-0.538223
-0.547970
-0.557717
-0.567464
-0.577211
-0.586958
-0.596705
-0.606451
-0.616198
-0.625945
-0.635692
-0.645439
-0.655186
-0.664933
-0.670669
-0.676404
-0.682140
-0.687875
-0.693611
-0.699347
-0.705082
-0.710818
-0.716553
-0.722289
-0.728025
-0.733760
-0.739496
-0.745231
-0.750967
-0.756703
-0.762438
-0.768174
-0.773909
-0.779645
-0.782368
-0.785092
-0.787815
-0.790538
-0.793262
-0.795985
-0.798708
-0.801432
-0.804155
-0.806878
-0.809602
-0.812325
-0.815049
-0.817772
-0.820495
-0.823219
-0.825942
-0.828665
-0.831389
-0.834112
-0.832231
-0.830350
-0.828470
-0.826589
-0.824708
-0.822827
-0.820947
-0.819066
-0.817185
-0.815304
-0.813424
-0.811543
-0.809662
-0.807781
-0.805900
-0.804020
-0.802139
-0.800258
-0.798377
-0.796497
-0.790991
-0.785485
-0.779979
-0.774473
-0.768968
-0.763462
-0.757956
-0.752450
-0.746944
-0.741438
-0.735933
-0.730427
-0.724921
-0.719415
-0.713909
-0.708404
-0.702898
-0.697392
-0.691886
-0.686380
-0.678172
-0.669965
-0.661757
-0.653549
-0.645341
-0.637133
-0.628925
-0.620717
-0.612509
-0.604301
-0.596094
-0.587886
-0.579678
-0.571470
-0.563262
-0.555054
-0.546846
-0.538638
-0.530430
-0.522223
-0.510224
-0.498226
-0.486228
-0.474230
-0.462232
-0.450234
-0.438235
-0.426237
-0.414239
-0.402241
-0.390243
-0.378245
-0.366247
-0.354248
-0.342250
-0.330252
-0.318254
-0.306256
-0.294258
-0.282259
-0.269113
-0.255967
-0.242821
-0.229675
-0.216529
-0.203383
-0.190236
-0.177090
-0.163944
-0.150798
-0.137652
-0.124506
-0.111360
-0.098213
-0.085067
-0.071921
-0.058775
-0.045629
-0.032483
-0.019337
-0.006770
0.005796
0.018362
0.030928
0.043494
0.056061
0.068627
0.081193
0.093759
0.106325
0.118892
0.131458
0.144024
0.156590
0.169156
0.181722
0.194289
0.206855
0.219421
0.231987
0.244274
0.256562
0.268849
0.281136
0.293423
0.305711
0.317998
0.330285
0.342572
0.354860
0.367147
0.379434
0.391721
0.404008
0.416296
0.428583
0.440870
0.453157
0.465445
0.477732
0.487394
0.497056
0.506718
0.516380
0.526042
0.535704
0.545366
0.555028
0.564690
0.574352
0.584013
0.593675
0.603337
0.612999
0.622661
0.632323
0.641985
0.651647
0.661309
0.670971
0.677982
0.684992
0.692003
0.699013
0.706024
0.713035
0.720045
0.727056
0.734066
0.741077
0.748088
0.755098
0.762109
0.769119
0.776130
0.783141
0.790151
0.797162
0.804172
0.811183
0.813725
0.816266
0.818808
0.821349
0.823891
0.826432
0.828974
0.831516
0.834057
0.836599
0.839140
0.841682
0.844223
0.846765
0.849307
0.851848
0.854390
0.856931
0.859473
0.862014
0.859765
0.857516
0.855267
0.853018
0.850769
0.848520
0.846271
0.844022
0.841773
0.839524
0.837275
0.835026
0.832777
0.830528
0.828279
0.826030
0.823781
0.821532
0.819283
0.817034
0.810184
0.803333
0.796483
0.789632
0.782781
0.775931
0.769080
0.762230
0.755379
0.748528
0.741678
0.734827
0.727977
0.721126
0.714275
0.707425
0.700574
0.693724
0.686873
0.680022
0.670005
0.659989
0.649972
0.639955
0.629938
0.619921
0.609904
0.599888
0.589871
0.579854
0.569837
0.559820
0.549803
0.539787
0.529770
0.519753
0.509736
0.499719
0.489702
0.479686
0.468872
0.458058
0.447244
0.436430
0.425617
0.414803
0.403989
0.393175
0.382361
0.371547
0.360734
0.349920
0.339106
0.328292
0.317478
0.306665
0.295851
0.285037
0.274223
0.263409
0.250072
0.236734
0.223397
0.210059
0.196722
0.183384
0.170047
0.156709
0.143372
0.130034
0.116697
0.103359
0.090022
0.076684
0.063347
0.050009
0.036671
0.023334
0.009996
-0.003341
-0.017462
-0.031584
-0.045705
-0.059826
-0.073948
-0.088069
-0.102190
-0.116311
-0.130433
-0.144554
-0.158675
-0.172797
-0.186918
-0.201039
-0.215161
-0.229282
-0.243403
-0.257524
-0.271646
-0.285767
-0.296810
-0.307854
-0.318897
-0.329941
-0.340984
-0.352028
-0.363071
-0.374114
-0.385158
-0.396201
-0.407245
-0.418288
-0.429332
-0.440375
-0.451418
-0.462462
-0.473505
-0.484549
-0.495592
-0.506636
-0.515154
-0.523672
-0.532191
-0.540709
-0.549228
-0.557746
-0.566264
-0.574783
-0.583301
-0.591820
-0.600338
-0.608856
-0.617375
-0.625893
-0.634411
-0.642930
-0.651448
-0.659967
-0.668485
-0.677003
-0.681620
-0.686237
-0.690854
-0.695471
-0.700088
-0.704705
-0.709322
-0.713939
-0.718556
-0.723173
-0.727790
-0.732407
-0.737024
-0.741641
-0.746258
-0.750875
-0.755492
-0.760109
-0.764726
-0.769343
-0.770760
-0.772177
-0.773594
-0.775012
-0.776429
-0.777846
-0.779264
-0.780681
-0.782098
-0.783516
-0.784933
-0.786350
-0.787768
-0.789185
-0.790602
-0.792019
-0.793437
-0.794854
-0.796271
-0.797689
-0.795052
-0.792415
-0.789778
-0.787142
-0.784505
-0.781868
-0.779231
-0.776595
-0.773958
-0.771321
-0.768684
-0.766048
-0.763411
-0.760774
-0.758137
-0.755501
-0.752864
-0.750227
-0.747590
-0.744954
-0.739806
-0.734659
-0.729511
-0.724364
-0.719216
-0.714069
-0.708921
-0.703774
-0.698626
-0.693479
-0.688331
-0.683184
-0.678036
-0.672889
-0.667741
-0.662594
-0.657447
-0.652299
-0.647152
-0.642004
-0.634522
-0.627039
-0.619557
-0.612074
-0.604592
-0.597110
-0.589627
-0.582145
-0.574662
-0.567180
-0.559698
-0.552215
-0.544733
-0.537250
-0.529768
-0.522286
-0.514803
-0.507321
-0.499838
-0.492356
-0.481222
-0.470088
-0.458954
-0.447820
-0.436686
-0.425552
-0.414418
-0.403284
-0.392151
-0.381017
-0.369883
-0.358749
-0.347615
-0.336481
-0.325347
-0.314213
-0.303079
-0.291945
-0.280811
-0.269677
-0.256422
-0.243167
-0.229912
-0.216657
-0.203403
-0.190148
-0.176893
-0.163638
-0.150383
-0.137128
-0.123873
-0.110618
-0.097363
-0.084108
-0.070853
-0.057598
-0.044343
-0.031088
-0.017833
-0.004578
0.009172
0.022922
0.036672
0.050422
0.064172
0.077922
0.091672
0.105422
0.119172
0.132922
0.146671
0.160421
0.174171
0.187921
0.201671
0.215421
0.229171
0.242921
0.256671
0.270421
0.282203
0.293985
0.305767
0.317549
0.329330
0.341112
0.352894
0.364676
0.376458
0.388240
0.400022
0.411803
0.423585
0.435367
0.447149
0.458931
0.470713
0.482495
0.494276
0.506058
0.514873
0.523688
0.532503
0.541318
0.550133
0.558948
0.567762
0.576577
0.585392
0.594207
0.603022
0.611837
0.620652
0.629467
0.638281
0.647096
0.655911
0.664726
0.673541
0.682356
0.687744
0.693132
0.698520
0.703908
0.709295
0.714683
0.720071
0.725459
0.730847
0.736235
0.741623
0.747011
0.752399
0.757787
0.763175
0.768563
0.773951
0.779339
0.784727
0.790115
0.792533
0.794951
0.797369
0.799787
0.802206
0.804624
0.807042
0.809460
0.811878
0.814297
0.816715
0.819133
0.821551
0.823969
0.826387
0.828806
0.831224
0.833642
0.836060
0.838478
0.836811
0.835144
0.833476
0.831809
0.830141
0.828474
0.826807
0.825139
0.823472
0.821805
0.820137
0.818470
0.816802
0.815135
0.813468
0.811800
0.810133
0.808465
0.806798
0.805131
0.799348
0.793566
0.787784
0.782002
0.776220
0.770438
0.764656
0.758873
0.753091
0.747309
0.741527
0.735745
0.729963
0.724180
0.718398
0.712616
0.706834
0.701052
0.695270
0.689487
0.680051
0.670615
0.661178
0.651742
0.642305
0.632869
0.623432
0.613996
0.604559
0.595123
0.585687
0.576250
0.566814
0.557377
0.547941
0.538504
0.529068
0.519631
0.510195
0.500759
0.489568
0.478378
0.467188
0.455998
0.444808
0.433618
0.422428
0.411238
0.400048
0.388858
0.377668
0.366478
0.355288
0.344098
0.332907
0.321717
0.310527
0.299337
0.288147
0.276957
0.263454
0.249952
0.236449
0.222946
0.209444
0.195941
0.182438
0.168935
0.155433
0.141930
0.128427
0.114925
0.101422
0.087919
0.074416
0.060914
0.047411
0.033908
0.020406
0.006903
-0.005901
-0.018705
-0.031509
-0.044313
-0.057117
-0.069921
-0.082725
-0.095528
-0.108332
-0.121136
-0.133940
-0.146744
-0.159548
-0.172352
-0.185156
-0.197960
-0.210764
-0.223568
-0.236372
-0.249175
-0.260469
-0.271763
-0.283057
-0.294351
-0.305644
-0.316938
-0.328232
-0.339526
-0.350820
-0.362114
-0.373407
-0.384701
-0.395995
-0.407289
-0.418583
-0.429876
-0.441170
-0.452464
-0.463758
-0.475052
-0.483672
-0.492292
-0.500912
-0.509532
-0.518152
-0.526772
-0.535392
-0.544012
-0.552632
-0.561252
-0.569872
-0.578492
-0.587112
-0.595732
-0.604352
-0.612972
-0.621592
-0.630212
-0.638832
-0.647452
-0.652632
-0.657813
-0.662993
-0.668173
-0.673353
-0.678534
-0.683714
-0.688894
-0.694074
-0.699255
-0.704435
-0.709615
-0.714795
-0.719976
-0.725156
-0.730336
-0.735517
-0.740697
-0.745877
-0.751057
-0.754360
-0.757662
-0.760965
-0.764267
-0.767569
-0.770872
-0.774174
-0.777477
-0.780779
-0.784081
-0.787384
-0.790686
-0.793989
-0.797291
-0.800593
-0.803896
-0.807198
-0.810501
-0.813803
-0.817105
-0.815655
-0.814204
-0.812753
-0.811303
-0.809852
-0.808401
-0.806951
-0.805500
-0.804049
-0.802599
-0.801148
-0.799697
-0.798247
-0.796796
-0.795346
-0.793895
-0.792444
-0.790994
-0.789543
-0.788092
-0.782274
-0.776456
-0.770639
-0.764821
-0.759003
-0.753185
-0.747367
-0.741549
-0.735731
-0.729913
-0.724095
-0.718277
-0.712460
-0.706642
-0.700824
-0.695006
-0.689188
-0.683370
-0.677552
-0.671734
-0.662387
-0.653039
-0.643692
-0.634344
-0.624997
-0.615649
-0.606302
-0.596954
-0.587607
-0.578259
-0.568912
-0.559564
-0.550217
-0.540869
-0.531522
-0.522174
-0.512827
-0.503479
-0.494132
-0.484784
-0.473305
-0.461826
-0.450347
-0.438868
-0.427388
-0.415909
-0.404430
-0.392951
-0.381472
-0.369992
-0.358513
-0.347034
-0.335555
-0.324076
-0.312596
-0.301117
-0.289638
-0.278159
-0.266680
-0.255200
-0.242300
-0.229400
-0.216499
-0.203599
-0.190698
-0.177798
-0.164897
-0.151997
-0.139096
-0.126196
-0.113295
-0.100395
-0.087494
-0.074594
-0.061693
-0.048793
-0.035892
-0.022992
-0.010091
0.002809
0.015585
0.028360
0.041136
0.053912
0.066687
0.079463
0.092239
0.105014
0.117790
0.130566
0.143341
0.156117
0.168893
0.181668
0.194444
0.207219
0.219995
0.232771
0.245546
0.258322
0.270606
0.282890
0.295174
0.307457
0.319741
0.332025
0.344309
0.356593
0.368877
0.381160
0.393444
0.405728
0.418012
0.430296
0.442579
0.454863
0.467147
0.479431
0.491715
0.503999
0.512889
0.521779
0.530669
0.539559
0.548449
0.557339
0.566229
0.575119
0.584009
0.592899
0.601789
0.610679
0.619569
0.628459
0.637349
0.646239
0.655129
0.664019
0.672909
0.681799
0.687531
0.693262
0.698994
0.704726
0.710458
0.716190
0.721922
0.727653
0.733385
0.739117
0.744849
0.750581
0.756312
0.762044
0.767776
0.773508
0.779240
0.784972
0.790703
0.796435
0.798329
0.800223
0.802117
0.804010
0.805904
0.807798
0.809692
0.811586
0.813480
0.815373
0.817267
0.819161
0.821055
0.822949
0.824842
0.826736
0.828630
0.830524
0.832418
0.834311
0.831998
0.829684
0.827371
0.825057
0.822744
0.820430
0.818117
0.815803
0.813489
0.811176
0.808862
0.806549
0.804235
0.801922
0.799608
0.797294
0.794981
0.792667
0.790354
0.788040
0.782290
0.776539
0.770788
0.765037
0.759287
0.753536
0.747785
0.742035
0.736284
0.730533
0.724782
0.719032
0.713281
0.707530
0.701780
0.696029
0.690278
0.684527
0.678777
0.673026
0.663438
0.653850
0.644262
0.634675
0.625087
0.615499
0.605911
0.596323
0.586735
0.577147
0.567560
0.557972
0.548384
0.538796
0.529208
0.519620
0.510032
0.500445
0.490857
0.481269
0.469423
0.457578
0.445732
0.433886
0.422041
0.410195
0.398350
0.386504
0.374658
0.362813
0.350967
0.339122
0.327276
0.315431
0.303585
0.291739
0.279894
0.268048
0.256203
0.244357
0.231999
0.219641
0.207283
0.194925
0.182567
0.170208
0.157850
0.145492
0.133134
0.120776
0.108418
0.096060
0.083702
0.071344
0.058986
0.046628
0.034270
0.021912
0.009553
-0.002805
-0.014932
-0.027059
-0.039186
-0.051313
-0.063440
-0.075567
-0.087694
-0.099822
-0.111949
-0.124076
-0.136203
-0.148330
-0.160457
-0.172584
-0.184711
-0.196839
-0.208966
-0.221093
-0.233220
-0.245347
-0.256633
-0.267919
-0.279205
-0.290491
-0.301776
-0.313062
-0.324348
-0.335634
-0.346920
-0.358206
-0.369492
-0.380778
-0.392063
-0.403349
-0.414635
-0.425921
-0.437207
-0.448493
-0.459779
-0.471065
-0.480365
-0.489665
-0.498965
-0.508266
-0.517566
-0.526866
-0.536167
-0.545467
-0.554767
-0.564067
-0.573368
-0.582668
-0.591968
-0.601268
-0.610569
-0.619869
-0.629169
-0.638470
-0.647770
-0.657070
-0.664407
-0.671744
-0.679081
-0.686418
-0.693755
-0.701091
-0.708428
-0.715765
-0.723102
-0.730439
-0.737776
-0.745113
-0.752450
-0.759787
-0.767123
-0.774460
-0.781797
-0.789134
-0.796471
-0.803808
-0.806108
-0.808408
-0.810709
-0.813009
-0.815309
-0.817609
-0.819910
-0.822210
-0.824510
-0.826810
-0.829111
-0.831411
-0.833711
-0.836011
-0.838312
-0.840612
-0.842912
-0.845213
-0.847513
-0.849813
-0.848119
-0.846426
-0.844732
-0.843039
-0.841345
-0.839651
-0.837958
-0.836264
-0.834570
-0.832877
-0.831183
-0.829490
-0.827796
-0.826102
-0.824409
-0.822715
-0.821022
-0.819328
-0.817634
-0.815941
-0.811448
-0.806955
-0.802463
-0.797970
-0.793477
-0.788984
-0.784492
-0.779999
-0.775506
-0.771014
-0.766521
-0.762028
-0.757535
-0.753043
-0.748550
-0.744057
-0.739564
-0.735072
-0.730579
-0.726086
-0.717303
-0.708520
-0.699737
-0.690954
-0.682171
-0.673388
-0.664604
-0.655821
-0.647038
-0.638255
-0.629472
-0.620689
-0.611906
-0.603123
-0.594340
-0.585556
-0.576773
-0.567990
-0.559207
-0.550424
-0.538475
-0.526526
-0.514576
-0.502627
-0.490678
-0.478729
-0.466779
-0.454830
-0.442881
-0.430932
-0.418983
-0.407033
-0.395084
-0.383135
-0.371186
-0.359237
-0.347287
-0.335338
-0.323389
-0.311440
-0.297927
-0.284414
-0.270901
-0.257388
-0.243875
-0.230361
-0.216848
-0.203335
-0.189822
-0.176309
-0.162796
-0.149283
-0.135770
-0.122257
-0.108744
-0.095231
-0.081718
-0.068205
-0.054692
-0.041179
-0.027978
-0.014777
-0.001576
0.011625
0.024826
0.038027
0.051228
0.064429
0.077630
0.090831
0.104032
0.117233
0.130434
0.143635
0.156836
0.170037
0.183238
0.196439
0.209640
0.222842
0.235269
0.247697
0.260125
0.272552
0.284980
0.297408
0.309835
0.322263
0.334691
0.347118
0.359546
0.371974
0.384401
0.396829
0.409257
0.421684
0.434112
0.446540
0.458968
0.471395
0.481951
0.492508
0.503064
0.513620
0.524176
0.534733
0.545289
0.555845
0.566401
0.576957
0.587514
0.598070
0.608626
0.619182
0.629739
0.640295
0.650851
0.661407
0.671963
0.682520
0.689085
0.695651
0.702217
0.708782
0.715348
0.721914
0.728480
0.735045
0.741611
0.748177
0.754742
0.761308
0.767874
0.774440
0.781005
0.787571
0.794137
0.800702
0.807268
0.813834
0.816710
0.819585
0.822461
0.825337
0.828213
0.831089
0.833965
0.836840
0.839716
0.842592
0.845468
0.848344
0.851220
0.854095
0.856971
0.859847
0.862723
0.865599
0.868474
0.871350
0.869680
0.868010
0.866340
0.864670
0.863000
0.861330
0.859660
0.857990
0.856320
0.854650
0.852979
0.851309
0.849639
0.847969
0.846299
0.844629
0.842959
0.841289
0.839619
0.837949
0.833051
0.828154
0.823256
0.818359
0.813461
0.808564
0.803666
0.798769
0.793871
0.788974
0.784076
0.779178
0.774281
0.769383
0.764486
0.759588
0.754691
0.749793
0.744896
0.739998
0.733313
0.726628
0.719943
0.713257
0.706572
0.699887
0.693202
0.686516
0.679831
0.673146
0.666461
0.659775
0.653090
0.646405
0.639720
0.633034
0.626349
0.619664
0.612979
0.606293
0.598903
0.591512
0.584121
0.576731
0.569340
0.561949
0.554559
0.547168
0.539777
0.532387
0.524996
0.517605
0.510215
0.502824
0.495433
0.488043
0.480652
0.473261
0.465871
0.458480
0.453274
0.448068
0.442862
0.437656
0.432451
0.427245
0.422039
0.416833
0.411627
0.406421
0.401215
0.396009
0.390803
0.385597
0.380391
0.375185
0.369980
0.364774
0.359568
0.354362