100 1
-9.868809
-39.465687
-88.762003
-157.710064
-246.243168
-354.275666
-481.703042
-628.402018
-794.230674
-979.028580
-1182.616957
-1404.798845
-1645.359299
-1904.065591
-2180.667440
-2474.897251
-2786.470377
-3115.085389
-3460.424376
-3822.153242
-4199.922039
-4593.365301
-5002.102395
-5425.737896
-5863.861963
-6316.050740
-6781.866763
-7260.859386
-7752.565213
-8256.508551
-8772.201868
-9299.146263
-9836.831953
-10384.738760
-10942.336620
-11509.086094
-12084.438888
-12667.838385
-13258.720184
-13856.512644
-14460.637441
-15070.510123
-15685.540676
-16305.134100
-16928.690976
-17555.608055
-18185.278834
-18817.094148
-19450.442755
-20084.711933
-20719.288067
-21353.557245
-21986.905852
-22618.721166
-23248.391945
-23875.309024
-24498.865900
-25118.459324
-25733.489877
-26343.362559
-26947.487356
-27545.279816
-28136.161615
-28719.561112
-29294.913906
-29861.663380
-30419.261240
-30967.168047
-31504.853737
-32031.798132
-32547.491449
-33051.434787
-33543.140614
-34022.133237
-34487.949260
-34940.138037
-35378.262104
-35801.897605
-36210.634699
-36604.077961
-36981.846758
-37343.575624
-37688.914611
-38017.529623
-38329.102749
-38623.332560
-38899.934409
-39158.640701
-39399.201155
-39621.383043
-39824.971420
-40009.769326
-40175.597982
-40322.296958
-40449.724334
-40557.756832
-40646.289936
-40715.237997
-40764.534313
-40794.131191