1000 1
-9.869596
-39.478288
-88.825783
-157.911597
-246.735047
-355.295259
-483.591165
-631.621500
-799.384806
-986.879431
-1194.103527
-1421.055055
-1667.731778
-1934.131266
-2220.250897
-2526.087850
-2851.639115
-3196.901483
-3561.871556
-3946.545736
-4350.920237
-4774.991074
-5218.754070
-5682.204855
-6165.338863
-6668.151336
-7190.637322
-7732.791672
-8294.609049
-8876.083917
-9477.210549
-10097.983024
-10738.395228
-11398.440852
-12078.113396
-12777.406164
-13496.312269
-14234.824629
-14992.935971
-15770.638826
-16567.925535
-17384.788245
-18221.218909
-19077.209288
-19952.750952
-20847.835276
-21762.453443
-22696.596446
-23650.255083
-24623.419959
-25616.081490
-26628.229899
-27659.855215
-28710.947277
-29781.495732
-30871.490036
-31980.919451
-33109.773050
-34258.039715
-35425.708134
-36612.766807
-37819.204041
-39045.007952
-40290.166468
-41554.667322
-42838.498060
-44141.646036
-45464.098415
-46805.842170
-48166.864085
-49547.150755
-50946.688584
-52365.463786
-53803.462387
-55260.670222
-56737.072939
-58232.655995
-59747.404658
-61281.304008
-62834.338937
-64406.494148
-65997.754155
-67608.103284
-69237.525673
-70886.005273
-72553.525847
-74240.070969
-75945.624027
-77670.168223
-79413.686568
-81176.161891
-82957.576830
-84757.913838
-86577.155184
-88415.282947
-90272.279022
-92148.125118
-94042.802758
-95956.293280
-97888.577835
-99839.637392
-101809.452732
-103798.004454
-105805.272969
-107831.238507
-109875.881112
-111939.180645
-114021.116782
-116121.669017
-118240.816658
-120378.538834
-122534.814488
-124709.622380
-126902.941089
-129114.749011
-131345.024360
-133593.745168
-135860.889285
-138146.434381
-140450.357942
-142772.637276
-145113.249509
-147472.171584
-149849.380269
-152244.852146
-154658.563622
-157090.490920
-159540.610088
-162008.896992
-164495.327318
-166999.876577
-169522.520099
-172063.233036
-174621.990362
-177198.766874
-179793.537190
-182406.275754
-185036.956828
-187685.554503
-190352.042688
-193036.395120
-195738.585358
-198458.586786
-201196.372612
-203951.915868
-206725.189415
-209516.165934
-212324.817935
-215151.117753
-217995.037550
-220856.549313
-223735.624857
-226632.235822
-229546.353679
-232477.949722
-235426.995077
-238393.460695
-241377.317357
-244378.535673
-247397.086080
-250432.938846
-253486.064069
-256556.431676
-259644.011423
-262748.772899
-265870.685522
-269009.718541
-272165.841038
-275339.021925
-278529.229946
-281736.433678
-284960.601531
-288201.701747
-291459.702402
-294734.571404
-298026.276496
-301334.785256
-304660.065095
-308002.083260
-311360.806831
-314736.202727
-318128.237699
-321536.878337
-324962.091065
-328403.842147
-331862.097680
-335336.823602
-338827.985687
-342335.549547
-345859.480633
-349399.744235
-352956.305482
-356529.129342
-360118.180623
-363723.423974
-367344.823882
-370982.344678
-374635.950533
-378305.605458
-381991.273309
-385692.917782
-389410.502416
-393143.990593
-396893.345539
-400658.530323
-404439.507858
-408236.240903
-412048.692060
-415876.823776
-419720.598346
-423579.977907
-427454.924447
-431345.399796
-435251.365635
-439172.783490
-443109.614735
-447061.820594
-451029.362136
-455012.200283
-459010.295805
-463023.609319
-467052.101296
-471095.732055
-475154.461767
-479228.250454
-483317.057990
-487420.844101
-491539.568363
-495673.190210
-499821.668924
-503984.963644
-508163.033361
-512355.836923
-516563.333031
-520785.480241
-525022.236966
-529273.561474
-533539.411889
-537819.746195
-542114.522230
-546423.697690
-550747.230132
-555085.076969
-559437.195473
-563803.542776
-568184.075872
-572578.751611
-576987.526706
-581410.357733
-585847.201126
-590298.013184
-594762.750065
-599241.367793
-603733.822254
-608240.069199
-612760.064239
-617293.762856
-621841.120391
-626402.092055
-630976.632921
-635564.697932
-640166.241895
-644781.219485
-649409.585247
-654051.293590
-658706.298794
-663374.555009
-668056.016252
-672750.636412
-677458.369247
-682179.168386
-686912.987330
-691659.779452
-696419.497996
-701192.096080
-705977.526693
-710775.742700
-715586.696840
-720410.341724
-725246.629840
-730095.513553
-734956.945099
-739830.876596
-744717.260034
-749616.047285
-754527.190096
-759450.640091
-764386.348777
-769334.267536
-774294.347632
-779266.540209
-784250.796292
-789247.066786
-794255.302479
-799275.454039
-804307.472019
-809351.306855
-814406.908864
-819474.228250
-824553.215101
-829643.819388
-834745.990971
-839859.679592
-844984.834884
-850121.406363
-855269.343435
-860428.595394
-865599.111421
-870780.840588
-875973.731855
-881177.734072
-886392.795981
-891618.866214
-896855.893295
-902103.825640
-907362.611556
-912632.199247
-917912.536806
-923203.572224
-928505.253383
-933817.528064
-939140.343940
-944473.648583
-949817.389460
-955171.513936
-960535.969274
-965910.702633
-971295.661075
-976690.791556
-982096.040937
-987511.355976
-992936.683332
-998371.969567
-1003817.161144
-1009272.204428
-1014737.045688
-1020211.631096
-1025695.906727
-1031189.818562
-1036693.312487
-1042206.334294
-1047728.829678
-1053260.744245
-1058802.023505
-1064352.612878
-1069912.457692
-1075481.503181
-1081059.694492
-1086646.976680
-1092243.294711
-1097848.593462
-1103462.817721
-1109085.912189
-1114717.821479
-1120358.490118
-1126007.862545
-1131665.883115
-1137332.496097
-1143007.645675
-1148691.275950
-1154383.330939
-1160083.754575
-1165792.490710
-1171509.483114
-1177234.675475
-1182968.011401
-1188709.434418
-1194458.887974
-1200216.315439
-1205981.660101
-1211754.865173
-1217535.873790
-1223324.629009
-1229121.073812
-1234925.151104
-1240736.803716
-1246555.974403
-1252382.605848
-1258216.640659
-1264058.021371
-1269906.690447
-1275762.590279
-1281625.663187
-1287495.851420
-1293373.097157
-1299257.342508
-1305148.529515
-1311046.600148
-1316951.496314
-1322863.159850
-1328781.532526
-1334706.556047
-1340638.172052
-1346576.322116
-1352520.947748
-1358471.990395
-1364429.391439
-1370393.092201
-1376363.033939
-1382339.157850
-1388321.405069
-1394309.716672
-1400304.033675
-1406304.297035
-1412310.447649
-1418322.426358
-1424340.173944
-1430363.631134
-1436392.738597
-1442427.436947
-1448467.666742
-1454513.368488
-1460564.482634
-1466620.949578
-1472682.709665
-1478749.703187
-1484821.870384
-1490899.151447
-1496981.486514
-1503068.815676
-1509161.078973
-1515258.216398
-1521360.167893
-1527466.873355
-1533578.272635
-1539694.305535
-1545814.911813
-1551940.031182
-1558069.603310
-1564203.567821
-1570341.864298
-1576484.432277
-1582631.211256
-1588782.140690
-1594937.159992
-1601096.208537
-1607259.225658
-1613426.150650
-1619596.922770
-1625771.481237
-1631949.765232
-1638131.713898
-1644317.266346
-1650506.361647
-1656698.938841
-1662894.936930
-1669094.294885
-1675296.951643
-1681502.846109
-1687711.917154
-1693924.103622
-1700139.344321
-1706357.578033
-1712578.743509
-1718802.779471
-1725029.624613
-1731259.217601
-1737491.497074
-1743726.401646
-1749963.869903
-1756203.840407
-1762446.251695
-1768691.042279
-1774938.150650
-1781187.515274
-1787439.074595
-1793692.767036
-1799948.531000
-1806206.304867
-1812466.026999
-1818727.635738
-1824991.069410
-1831256.266318
-1837523.164753
-1843791.702985
-1850061.819271
-1856333.451850
-1862606.538947
-1868881.018773
-1875156.829526
-1881433.909390
-1887712.196535
-1893991.629121
-1900272.145297
-1906553.683201
-1912836.180959
-1919119.576690
-1925403.808504
-1931688.814501
-1937974.532774
-1944260.901411
-1950547.858490
-1956835.342087
-1963123.290271
-1969411.641104
-1975700.332649
-1981989.302962
-1988278.490098
-1994567.832108
-2000857.267044
-2007146.732956
-2013436.167892
-2019725.509902
-2026014.697038
-2032303.667351
-2038592.358896
-2044880.709729
-2051168.657913
-2057456.141509
-2063743.098589
-2070029.467226
-2076315.185499
-2082600.191496
-2088884.423310
-2095167.819041
-2101450.316799
-2107731.854703
-2114012.370879
-2120291.803465
-2126570.090610
-2132847.170473
-2139122.981226
-2145397.461053
-2151670.548150
-2157942.180729
-2164212.297015
-2170480.835247
-2176747.733681
-2183012.930590
-2189276.364261
-2195537.973001
-2201797.695133
-2208055.469000
-2214311.232964
-2220564.925405
-2226816.484726
-2233065.849350
-2239312.957721
-2245557.748305
-2251800.159593
-2258040.130097
-2264277.598354
-2270512.502926
-2276744.782399
-2282974.375387
-2289201.220529
-2295425.256491
-2301646.421967
-2307864.655679
-2314079.896378
-2320292.082846
-2326501.153891
-2332707.048357
-2338909.705115
-2345109.063070
-2351305.061159
-2357497.638353
-2363686.733654
-2369872.286102
-2376054.234768
-2382232.518763
-2388407.077229
-2394577.849350
-2400744.774342
-2406907.791463
-2413066.840008
-2419221.859310
-2425372.788743
-2431519.567723
-2437662.135702
-2443800.432179
-2449934.396690
-2456063.968818
-2462189.088187
-2468309.694465
-2474425.727365
-2480537.126645
-2486643.832107
-2492745.783602
-2498842.921027
-2504935.184324
-2511022.513486
-2517104.848553
-2523182.129616
-2529254.296813
-2535321.290335
-2541383.050422
-2547439.517366
-2553490.631512
-2559536.333258
-2565576.563053
-2571611.261403
-2577640.368866
-2583663.826056
-2589681.573642
-2595693.552351
-2601699.702965
-2607699.966325
-2613694.283328
-2619682.594931
-2625664.842150
-2631640.966061
-2637610.907799
-2643574.608561
-2649532.009605
-2655483.052252
-2661427.677884
-2667365.827948
-2673297.443953
-2679222.467474
-2685140.840150
-2691052.503686
-2696957.399852
-2702855.470485
-2708746.657492
-2714630.902843
-2720508.148580
-2726378.336813
-2732241.409721
-2738097.309553
-2743945.978629
-2749787.359341
-2755621.394152
-2761448.025597
-2767267.196284
-2773078.848896
-2778882.926188
-2784679.370991
-2790468.126210
-2796249.134826
-2802022.339899
-2807787.684561
-2813545.112026
-2819294.565582
-2825035.988599
-2830769.324525
-2836494.516886
-2842211.509290
-2847920.245425
-2853620.669061
-2859312.724050
-2864996.354325
-2870671.503903
-2876338.116885
-2881996.137455
-2887645.509882
-2893286.178521
-2898918.087811
-2904541.182279
-2910155.406538
-2915760.705289
-2921357.023320
-2926944.305508
-2932522.496819
-2938091.542308
-2943651.387122
-2949201.976495
-2954743.255755
-2960275.170322
-2965797.665706
-2971310.687513
-2976814.181438
-2982308.093273
-2987792.368904
-2993266.954312
-2998731.795572
-3004186.838856
-3009632.030433
-3015067.316668
-3020492.644024
-3025907.959063
-3031313.208444
-3036708.338925
-3042093.297367
-3047468.030726
-3052832.486064
-3058186.610540
-3063530.351417
-3068863.656060
-3074186.471937
-3079498.746617
-3084800.427776
-3090091.463194
-3095371.800753
-3100641.388444
-3105900.174360
-3111148.106705
-3116385.133786
-3121611.204019
-3126826.265928
-3132030.268145
-3137223.159412
-3142404.888579
-3147575.404606
-3152734.656565
-3157882.593637
-3163019.165116
-3168144.320408
-3173258.009029
-3178360.180612
-3183450.784899
-3188529.771750
-3193597.091136
-3198652.693145
-3203696.527981
-3208728.545961
-3213748.697521
-3218756.933214
-3223753.203708
-3228737.459791
-3233709.652368
-3238669.732464
-3243617.651223
-3248553.359909
-3253476.809904
-3258387.952715
-3263286.739966
-3268173.123404
-3273047.054901
-3277908.486448
-3282757.370159
-3287593.658276
-3292417.303160
-3297228.257300
-3302026.473307
-3306811.903920
-3311584.502004
-3316344.220548
-3321091.012670
-3325824.831614
-3330545.630753
-3335253.363588
-3339947.983748
-3344629.444991
-3349297.701206
-3353952.706410
-3358594.414753
-3363222.780515
-3367837.758105
-3372439.302068
-3377027.367079
-3381601.907945
-3386162.879609
-3390710.237144
-3395243.935761
-3399763.930802
-3404270.177746
-3408762.632207
-3413241.249935
-3417705.986816
-3422156.798874
-3426593.642267
-3431016.473293
-3435425.248389
-3439819.924129
-3444200.457224
-3448566.804527
-3452918.923031
-3457256.769868
-3461580.302310
-3465889.477770
-3470184.253805
-3474464.588111
-3478730.438526
-3482981.763034
-3487218.519759
-3491440.666969
-3495648.163076
-3499840.966639
-3504019.036356
-3508182.331076
-3512330.809790
-3516464.431637
-3520583.155899
-3524686.942010
-3528775.749546
-3532849.538233
-3536908.267945
-3540951.898704
-3544980.390681
-3548993.704196
-3552991.799717
-3556974.637864
-3560942.179406
-3564894.385265
-3568831.216510
-3572752.634365
-3576658.600204
-3580549.075553
-3584424.022093
-3588283.401654
-3592127.176224
-3595955.307940
-3599767.759097
-3603564.492141
-3607345.469677
-3611110.654461
-3614860.009407
-3618593.497584
-3622311.082218
-3626012.726691
-3629698.394542
-3633368.049467
-3637021.655322
-3640659.176118
-3644280.576026
-3647885.819377
-3651474.870658
-3655047.694518
-3658604.255765
-3662144.519367
-3665668.450453
-3669176.014313
-3672667.176398
-3676141.902320
-3679600.157853
-3683041.908935
-3686467.121663
-3689875.762301
-3693267.797273
-3696643.193169
-3700001.916740
-3703343.934905
-3706669.214744
-3709977.723504
-3713269.428596
-3716544.297598
-3719802.298253
-3723043.398469
-3726267.566322
-3729474.770054
-3732664.978075
-3735838.158962
-3738994.281459
-3742133.314478
-3745255.227101
-3748359.988577
-3751447.568324
-3754517.935931
-3757571.061154
-3760606.913920
-3763625.464327
-3766626.682643
-3769610.539305
-3772577.004923
-3775526.050278
-3778457.646321
-3781371.764178
-3784268.375143
-3787147.450687
-3790008.962450
-3792852.882247
-3795679.182065
-3798487.834066
-3801278.810585
-3804052.084132
-3806807.627388
-3809545.413214
-3812265.414642
-3814967.604880
-3817651.957312
-3820318.445497
-3822967.043172
-3825597.724246
-3828210.462810
-3830805.233126
-3833382.009638
-3835940.766964
-3838481.479901
-3841004.123423
-3843508.672682
-3845995.103009
-3848463.389912
-3850913.509080
-3853345.436379
-3855759.147854
-3858154.619731
-3860531.828416
-3862890.750491
-3865231.362724
-3867553.642058
-3869857.565619
-3872143.110715
-3874410.254832
-3876658.975640
-3878889.250989
-3881101.058911
-3883294.377620
-3885469.185512
-3887625.461166
-3889763.183342
-3891882.330983
-3893982.883218
-3896064.819355
-3898128.118888
-3900172.761493
-3902198.727031
-3904205.995546
-3906194.547268
-3908164.362608
-3910115.422165
-3912047.706720
-3913961.197242
-3915855.874882
-3917731.720978
-3919588.717053
-3921426.844816
-3923246.086162
-3925046.423170
-3926827.838109
-3928590.313432
-3930333.831777
-3932058.375973
-3933763.929031
-3935450.474153
-3937117.994727
-3938766.474327
-3940395.896716
-3942006.245845
-3943597.505852
-3945169.661063
-3946722.695992
-3948256.595342
-3949771.344005
-3951266.927061
-3952743.329778
-3954200.537613
-3955638.536214
-3957057.311416
-3958456.849245
-3959837.135915
-3961198.157830
-3962539.901585
-3963862.353964
-3965165.501940
-3966449.332678
-3967713.833532
-3968958.992048
-3970184.795959
-3971391.233193
-3972578.291866
-3973745.960285
-3974894.226950
-3976023.080549
-3977132.509964
-3978222.504268
-3979293.052723
-3980344.144785
-3981375.770101
-3982387.918509
-3983380.580041
-3984353.744917
-3985307.403554
-3986241.546556
-3987156.164724
-3988051.249048
-3988926.790712
-3989782.781091
-3990619.211755
-3991436.074465
-3992233.361174
-3993011.064029
-3993769.175370
-3994507.687731
-3995226.593836
-3995925.886604
-3996605.559148
-3997265.604772
-3997906.016976
-3998526.789451
-3999127.916083
-3999709.390951
-4000271.208328
-4000813.362678
-4001335.848664
-4001838.661137
-4002321.795145
-4002785.245930
-4003229.008926
-4003653.079763
-4004057.454264
-4004442.128444
-4004807.098517
-4005152.360885
-4005477.912150
-4005783.749103
-4006069.868734
-4006336.268222
-4006582.944945
-4006809.896473
-4007017.120569
-4007204.615194
-4007372.378500
-4007520.408835
-4007648.704741
-4007757.264953
-4007846.088403
-4007915.174217
-4007964.521712
-4007994.130404