50 1
9.998050
19.998794
29.998931
39.999763
49.998366
59.999845
69.999135
79.999738
89.999864
99.999437
109.999712
119.999839
129.998541
140.000240
149.999141
159.999322
170.000500
179.999198
190.000749
199.999890
209.999157
220.000971
229.999595
240.000155
250.000042
260.000039
269.999756
279.999950
289.999699
300.000941
309.999583
320.001141
329.999164
340.000140
349.999929
360.001077
369.999165
380.001210
390.000943
400.000817
410.000444
419.999822
430.000475
440.000419
450.000483
460.001269
470.001058
480.000527
490.001431
500.001543