1000 1
-0.217512
-0.216440
-0.215852
-0.215818
-0.214905
-0.214471
-0.214081
-0.212595
-0.212572
-0.211315
-0.211016
-0.210161
-0.209995
-0.209250
-0.208527
-0.207268
-0.204761
-0.204701
-0.204463
-0.203968
-0.203383
-0.203280
-0.203194
-0.202949
-0.202584
-0.202385
-0.202378
-0.201923
-0.201905
-0.200591
-0.199905
-0.199711
-0.197367
-0.196714
-0.195873
-0.194715
-0.194396
-0.193479
-0.193319
-0.193061
-0.192440
-0.192042
-0.191784
-0.190692
-0.188106
-0.188081
-0.187981
-0.184064
-0.179882
-0.177512
-0.176933
-0.176835
-0.176757
-0.175630
-0.175457
-0.174743
-0.174582
-0.174544
-0.174167
-0.173049
-0.171961
-0.171164
-0.171017
-0.170923
-0.170183
-0.169099
-0.169071
-0.168190
-0.167998
-0.167650
-0.163774
-0.163095
-0.162793
-0.162680
-0.162380
-0.162239
-0.159817
-0.158949
-0.157016
-0.155798
-0.155378
-0.150855
-0.150600
-0.150333
-0.149630
-0.148880
-0.147736
-0.147495
-0.145972
-0.145881
-0.145805
-0.145764
-0.142459
-0.139727
-0.139499
-0.139045
-0.139028
-0.136815
-0.135675
-0.135408
-0.132688
-0.132120
-0.131292
-0.129627
-0.128595
-0.128443
-0.127081
-0.124084
-0.119705
-0.119120
-0.118349
-0.116972
-0.115792
-0.114504
-0.113807
-0.112088
-0.111981
-0.110695
-0.104231
-0.104091
-0.103615
-0.103586
-0.100161
-0.098989
-0.098692
-0.098642
-0.098631
-0.097636
-0.096794
-0.096304
-0.095982
-0.094952
-0.094913
-0.094600
-0.094087
-0.092307
-0.092239
-0.092177
-0.091678
-0.090928
-0.090353
-0.090103
-0.086891
-0.086577
-0.084776
-0.084728
-0.084707
-0.084408
-0.084163
-0.078617
-0.077662
-0.073091
-0.072456
-0.070676
-0.070452
-0.066900
-0.064739
-0.063389
-0.062354
-0.062247
-0.062039
-0.060023
-0.059587
-0.057862
-0.056662
-0.052164
-0.051652
-0.051252
-0.049170
-0.048603
-0.048471
-0.046808
-0.042171
-0.041526
-0.038694
-0.034776
-0.031057
-0.030951
-0.030040
-0.028593
-0.027671
-0.025121
-0.024717
-0.024558
-0.023446
-0.022568
-0.019386
-0.017879
-0.015122
-0.014506
-0.013199
-0.012803
-0.010772
-0.009399
-0.009072
-0.006860
-0.006764
-0.005929
-0.003806
-0.002381
0.002894
0.003066
0.003747
0.007043
0.009683
0.009852
0.011591
0.013921
0.014054
0.016471
0.018329
0.021916
0.023319
0.025962
0.032013
0.037118
0.039431
0.040164
0.040756
0.041283
0.041346
0.042688
0.043353
0.050871
0.057529
0.058180
0.059050
0.059254
0.059373
0.065046
0.065392
0.066308
0.068413
0.072203
0.072590
0.072624
0.073552
0.077919
0.080966
0.081040
0.081364
0.084905
0.085629
0.086011
0.087268
0.088679
0.091887
0.092515
0.093415
0.095811
0.098449
0.102167
0.103955
0.107306
0.107409
0.109882
0.111051
0.118381
0.123045
0.123135
0.124686
0.127864
0.129813
0.135292
0.137547
0.139790
0.140562
0.140821
0.140990
0.141364
0.141630
0.144232
0.148299
0.151315
0.151558
0.151848
0.153794
0.154540
0.155272
0.156442
0.156974
0.157321
0.158928
0.162270
0.174198
0.175297
0.182254
0.182574
0.183839
0.185032
0.185675
0.189640
0.191023
0.192303
0.193132
0.195987
0.196930
0.197046
0.198565
0.202540
0.209736
0.211090
0.211469
0.212812
0.213048
0.213178
0.217789
0.222576
0.224209
0.224394
0.229544
0.231049
0.234536
0.238217
0.244394
0.244494
0.245429
0.247433
0.247471
0.248860
0.252263
0.253631
0.253790
0.255540
0.257045
0.260153
0.261548
0.261927
0.264893
0.268178
0.270863
0.270936
0.272612
0.272973
0.276660
0.279151
0.280278
0.283441
0.285132
0.295068
0.297244
0.297506
0.298742
0.300187
0.308602
0.309591
0.309804
0.313306
0.321857
0.322445
0.325143
0.332269
0.333432
0.334839
0.342693
0.344353
0.348632
0.353251
0.367088
0.372134
0.376433
0.378608
0.380759
0.380935
0.385837
0.386844
0.388189
0.389823
0.394753
0.397694
0.397707
0.399931
0.406876
0.407402
0.408108
0.412725
0.419585
0.419701
0.423922
0.426248
0.431173
0.431265
0.435129
0.440828
0.443391
0.443811
0.444272
0.445279
0.449597
0.449764
0.452620
0.453785
0.453956
0.454244
0.454631
0.456422
0.460188
0.460277
0.462918
0.463306
0.470124
0.474569
0.474694
0.477181
0.477960
0.478899
0.479041
0.480131
0.491239
0.493826
0.495604
0.496145
0.496449
0.498896
0.503445
0.504877
0.506876
0.507481
0.507822
0.515976
0.516295
0.519233
0.526762
0.529143
0.531041
0.531431
0.539192
0.539531
0.545837
0.567283
0.567708
0.569413
0.571184
0.576959
0.577733
0.578544
0.579672
0.581671
0.582469
0.585326
0.594431
0.595137
0.595734
0.596914
0.599324
0.600868
0.602832
0.603180
0.604949
0.606001
0.607697
0.608536
0.608944
0.611894
0.616374
0.616413
0.625647
0.626883
0.631093
0.636177
0.641955
0.646273
0.648878
0.650495
0.657006
0.658760
0.663206
0.664567
0.666075
0.671946
0.675387
0.678849
0.680852
0.681571
0.683332
0.689990
0.692461
0.705073
0.709288
0.710118
0.717850
0.719475
0.727376
0.728081
0.728507
0.728948
0.734599
0.737190
0.737742
0.742584
0.748942
0.749140
0.749703
0.750916
0.759162
0.761015
0.761224
0.763176
0.766254
0.766284
0.766508
0.767901
0.768366
0.782379
0.788484
0.790399
0.792798
0.798591
0.798603
0.800348
0.804372
0.805195
0.805287
0.806515
0.819011
0.820165
0.824524
0.825479
0.827086
0.829495
0.843733
0.846682
0.846898
0.850776
0.851893
0.852158
0.860878
0.867736
0.871105
0.875628
0.877968
0.885177
0.890087
0.894213
0.894982
0.897069
0.901965
0.904425
0.905437
0.907836
0.919076
0.931225
0.939931
0.943292
0.945541
0.950352
0.960637
0.965315
0.967164
0.971459
0.972812
0.975025
0.986131
0.987236
1.011849
1.012039
1.013350
1.013740
1.017620
1.017723
1.019902
1.025012
1.025325
1.026119
1.027229
1.037615
1.041212
1.042910
1.046557
1.049482
1.053284
1.062426
1.065527
1.065832
1.075645
1.077407
1.085264
1.093873
1.102068
1.103946
1.110798
1.116214
1.118924
1.120383
1.120486
1.131425
1.131886
1.133418
1.133845
1.136463
1.141796
1.144361
1.147910
1.148535
1.152527
1.155045
1.160318
1.160334
1.164599
1.165037
1.178204
1.180044
1.181669
1.182988
1.183659
1.190384
1.190936
1.199226
1.203120
1.205680
1.212052
1.215687
1.216277
1.232978
1.235843
1.237255
1.239392
1.241493
1.244004
1.247026
1.247970
1.248518
1.249880
1.259039
1.262533
1.262748
1.264082
1.266062
1.266063
1.268063
1.274147
1.286012
1.286502
1.289730
1.290769
1.303858
1.310903
1.318806
1.327620
1.328735
1.336014
1.349075
1.349694
1.353204
1.358537
1.370483
1.374226
1.381128
1.381155
1.394716
1.394771
1.397926
1.408139
1.420586
1.423079
1.424651
1.426946
1.429253
1.429522
1.429572
1.433568
1.436922
1.439839
1.449816
1.460931
1.461388
1.462081
1.462229
1.467759
1.477368
1.483673
1.487669
1.497302
1.499364
1.501008
1.504349
1.507521
1.511874
1.514049
1.514662
1.520822
1.524557
1.526856
1.528712
1.531422
1.534162
1.536518
1.542964
1.547979
1.554886
1.555317
1.562257
1.563876
1.566364
1.568878
1.570701
1.573041
1.577526
1.581031
1.581296
1.581382
1.584792
1.605979
1.607315
1.610275
1.614155
1.618171
1.620579
1.620830
1.621313
1.623622
1.625287
1.626218
1.627274
1.631645
1.634581
1.640785
1.646810
1.647504
1.652594
1.657065
1.664918
1.667160
1.674833
1.680428
1.690173
1.692036
1.694713
1.701372
1.705354
1.713066
1.714098
1.716522
1.721304
1.727621
1.731038
1.731695
1.734723
1.748070
1.772184
1.781711
1.786660
1.788060
1.793233
1.795623
1.801964
1.804445
1.810250
1.821645
1.838313
1.843950
1.853706
1.856077
1.862007
1.865173
1.866134
1.876125
1.878479
1.888267
1.891550
1.895325
1.897165
1.899163
1.899567
1.900300
1.901033
1.907169
1.910797
1.911043
1.922460
1.932053
1.932293
1.938400
1.942703
1.946787
1.947938
1.948435
1.948644
1.951765
1.955902
1.960941
1.962111
1.976645
1.978990
1.984930
1.989380
1.989479
1.994105
2.008982
2.013091
2.025800
2.026362
2.028836
2.033122
2.034528
2.037499
2.044822
2.047297
2.053673
2.060591
2.063311
2.067795
2.072183
2.072567
2.073034
2.074307
2.094614
2.099631
2.104349
2.120769
2.122566
2.140353
2.168188
2.170437
2.176243
2.182628
2.194497
2.199406
2.204691
2.209664
2.216855
2.218421
2.223018
2.223488
2.237603
2.239992
2.244423
2.245121
2.252041
2.258256
2.263366
2.266579
2.266878
2.287889
2.291678
2.300905
2.310617
2.318501
2.323766
2.341533
2.366920
2.368196
2.371965
2.373537
2.373959
2.383896
2.385104
2.388671
2.403822
2.404306
2.414716
2.417636
2.425481
2.425732
2.426927
2.462528
2.470195
2.470334
2.480759
2.498821
2.516773
2.529511
2.534735
2.539044
2.539105
2.540822
2.543009
2.552527
2.555636
2.556369
2.572584
2.573020
2.585632
2.588225
2.590923
2.598724
2.605286
2.609040
2.611330
2.624491
2.627150
2.630072
2.637019
2.648720
2.656579
2.659896
2.667691
2.667746
2.670557
2.674226
2.678551
2.680246
2.705601
2.723795
2.726068
2.728593
2.737423
2.738887
2.766118
2.766143
2.779675
2.790725
2.797001
2.798204
2.802147
2.805389
2.820286
2.825258
2.832438
2.837519
2.838374
2.849497
2.857466
2.861137
2.866671
2.872128
2.880413
2.892624
2.896870
2.903428
2.904111
2.905537
2.907534
2.925341
2.928608
2.959602
2.965587
2.970162
2.972528
2.994287
2.998913
3.001403
3.005984
3.014083
3.014954
3.024814
3.025592
3.026614
3.032356
3.033910
3.038692
3.042738
3.046707
3.050411
3.052133
3.052970
3.054674
3.076396
3.079341
3.085700
3.093511
3.105565
3.111648
3.112745
3.119037
3.119731
3.124323
3.130828
3.133717
3.140208
3.148548
3.158225
3.158230
3.170333
3.181524
3.203397
3.231318
3.244467
3.247258
3.254597
3.261762
3.265687
3.267144
3.273089
3.279151
3.287894
3.294155
3.294286
3.295813
3.303112
3.307274
3.307692
3.309052
3.309128
3.310126
3.313466
3.313529
3.316388
3.332479
3.337502
3.343172
3.343431
3.347015
3.350651
3.351820
3.362544
3.381567
3.393620
3.405011
3.417073