1000 1
7.421817
7.155696
7.015255
7.007124
6.796037
6.698767
6.612546
6.297485
6.292818
6.041320
5.983224
5.821334
5.790516
5.654688
5.526681
5.312216
4.914765
4.905648
4.869961
4.796587
4.711580
4.696753
4.684520
4.649685
4.598480
4.570742
4.569840
4.507308
4.504819
4.330079
4.242039
4.217589
3.934170
3.859350
3.765251
3.640137
3.606473
3.511783
3.495638
3.469598
3.408031
3.369160
3.344276
3.241203
3.011285
3.009144
3.000589
2.687859
2.393588
2.242834
2.207617
2.201717
2.197040
2.130577
2.120544
2.079799
2.070743
2.068590
2.047583
1.986532
1.929009
1.888023
1.880608
1.875818
1.838883
1.786218
1.784858
1.743295
1.734363
1.718345
1.550060
1.522472
1.510362
1.505874
1.493983
1.488421
1.396434
1.364992
1.297609
1.256985
1.243317
1.105556
1.098310
1.090738
1.071135
1.050610
1.020119
1.013815
0.974913
0.972656
0.970747
0.969747
0.891155
0.831330
0.826538
0.817085
0.816722
0.772258
0.750378
0.745338
0.696115
0.686290
0.672210
0.644864
0.628516
0.626144
0.605345
0.562156
0.504998
0.497861
0.488622
0.472595
0.459325
0.445318
0.437935
0.420324
0.419256
0.406640
0.349497
0.348362
0.344556
0.344325
0.318366
0.310035
0.307964
0.307618
0.307537
0.300736
0.295131
0.291925
0.289841
0.283308
0.283065
0.281113
0.277959
0.267358
0.266966
0.266604
0.263735
0.259503
0.256313
0.254943
0.238183
0.236626
0.227959
0.227734
0.227636
0.226245
0.225109
0.201504
0.197814
0.181525
0.179432
0.173782
0.173090
0.162767
0.157022
0.153627
0.151122
0.150868
0.150377
0.145777
0.144822
0.141173
0.138756
0.130520
0.129660
0.128999
0.125708
0.124853
0.124658
0.122261
0.116316
0.115569
0.112509
0.108822
0.105860
0.105783
0.105134
0.104161
0.103576
0.102095
0.101878
0.101794
0.101226
0.100802
0.099438
0.098883
0.098005
0.097833
0.097495
0.097400
0.096962
0.096713
0.096659
0.096345
0.096333
0.096239
0.096054
0.095971
0.095931
0.095937
0.095962
0.096167
0.096425
0.096444
0.096660
0.096999
0.097020
0.097430
0.097782
0.098542
0.098867
0.099518
0.101181
0.102745
0.103495
0.103738
0.103937
0.104114
0.104135
0.104592
0.104822
0.107525
0.110066
0.110320
0.110662
0.110743
0.110790
0.113064
0.113205
0.113579
0.114445
0.116022
0.116185
0.116199
0.116589
0.118443
0.119751
0.119783
0.119924
0.121460
0.121777
0.121943
0.122494
0.123114
0.124532
0.124811
0.125211
0.126280
0.127463
0.129142
0.129953
0.131482
0.131530
0.132665
0.133203
0.136607
0.138799
0.138841
0.139575
0.141085
0.142017
0.144656
0.145752
0.146847
0.147225
0.147352
0.147436
0.147619
0.147750
0.149034
0.151056
0.152570
0.152692
0.152839
0.153823
0.154202
0.154574
0.155171
0.155443
0.155620
0.156445
0.158172
0.164475
0.165068
0.168865
0.169042
0.169743
0.170406
0.170765
0.172993
0.173777
0.174506
0.174980
0.176623
0.177169
0.177236
0.178120
0.180454
0.184765
0.185588
0.185820
0.186642
0.186787
0.186867
0.189722
0.192737
0.193778
0.193896
0.197220
0.198203
0.200502
0.202959
0.207158
0.207226
0.207870
0.209257
0.209283
0.210251
0.212640
0.213609
0.213722
0.214968
0.216046
0.218291
0.219306
0.219583
0.221760
0.224198
0.226210
0.226266
0.227531
0.227804
0.230617
0.232536
0.233409
0.235877
0.237207
0.245164
0.246939
0.247154
0.248168
0.249358
0.256390
0.257228
0.257409
0.260395
0.267808
0.268324
0.270702
0.277059
0.278107
0.279379
0.286558
0.288092
0.292072
0.296410
0.309651
0.314567
0.318789
0.320937
0.323069
0.323243
0.328131
0.329139
0.330489
0.332131
0.337112
0.340098
0.340112
0.342379
0.349497
0.350039
0.350766
0.355537
0.362669
0.362790
0.367201
0.369639
0.374816
0.374914
0.378989
0.385020
0.387737
0.388183
0.388673
0.389742
0.394334
0.394513
0.397556
0.398797
0.398979
0.399286
0.399700
0.401610
0.405631
0.405726
0.408549
0.408963
0.416256
0.421013
0.421146
0.423808
0.424642
0.425647
0.425798
0.426965
0.438839
0.441600
0.443496
0.444073
0.444397
0.447004
0.451843
0.453364
0.455485
0.456127
0.456488
0.465110
0.465447
0.468541
0.476438
0.478923
0.480901
0.481308
0.489353
0.489703
0.496186
0.517830
0.518252
0.519942
0.521691
0.527360
0.528114
0.528904
0.530002
0.531940
0.532711
0.535464
0.544131
0.544796
0.545358
0.546465
0.548719
0.550156
0.551977
0.552298
0.553929
0.554896
0.556450
0.557216
0.557587
0.560266
0.564294
0.564329
0.572479
0.573554
0.577186
0.581511
0.586344
0.589896
0.592014
0.593319
0.598500
0.599874
0.603318
0.604360
0.605509
0.609915
0.612449
0.614960
0.616396
0.616909
0.618157
0.622787
0.624468
0.632735
0.635379
0.635893
0.640561
0.641516
0.646026
0.646417
0.646653
0.646897
0.649954
0.651317
0.651604
0.654077
0.657192
0.657287
0.657555
0.658129
0.661886
0.662696
0.662786
0.663623
0.664914
0.664926
0.665018
0.665589
0.665778
0.671084
0.673159
0.673780
0.674538
0.676277
0.676280
0.676778
0.677881
0.678099
0.678123
0.678442
0.681357
0.681595
0.682447
0.682624
0.682913
0.683328
0.685310
0.685620
0.685642
0.685994
0.686085
0.686106
0.686635
0.686841
0.686875
0.686850
0.686806
0.686537
0.686238
0.685915
0.685847
0.685653
0.685131
0.684834
0.684705
0.684384
0.682591
0.680122
0.678018
0.677132
0.676516
0.675138
0.671917
0.670329
0.669680
0.668128
0.667626
0.666792
0.662355
0.661891
0.650539
0.650444
0.649785
0.649588
0.647602
0.647549
0.646414
0.643695
0.643526
0.643096
0.642492
0.636664
0.634575
0.633576
0.631403
0.629634
0.627301
0.621534
0.619530
0.619331
0.612822
0.611629
0.606218
0.600127
0.594178
0.592795
0.587688
0.583586
0.581512
0.580390
0.580311
0.571772
0.571408
0.570195
0.569856
0.567771
0.563489
0.561414
0.558527
0.558016
0.554741
0.552665
0.548287
0.548273
0.544706
0.544339
0.533178
0.531603
0.530210
0.529076
0.528498
0.522690
0.522211
0.514991
0.511581
0.509333
0.503719
0.500506
0.499984
0.485137
0.482581
0.481320
0.479412
0.477534
0.475289
0.472587
0.471742
0.471253
0.470034
0.461841
0.458718
0.458526
0.457333
0.455565
0.455564
0.453778
0.448352
0.437808
0.437374
0.434516
0.433598
0.422088
0.415945
0.409105
0.401548
0.400599
0.394432
0.383534
0.383023
0.380137
0.375787
0.366207
0.363254
0.357874
0.357853
0.347547
0.347505
0.345160
0.337714
0.328953
0.327242
0.326171
0.324618
0.323070
0.322890
0.322857
0.320210
0.318020
0.316138
0.309874
0.303218
0.302952
0.302549
0.302463
0.299304
0.294031
0.290724
0.288692
0.284004
0.283040
0.282282
0.280767
0.279364
0.277495
0.276585
0.276332
0.273857
0.272421
0.271562
0.270883
0.269912
0.268958
0.268160
0.266079
0.264568
0.262641
0.262527
0.260786
0.260407
0.259844
0.259300
0.258920
0.258453
0.257618
0.257021
0.256978
0.256964
0.256435
0.254217
0.254139
0.253994
0.253859
0.253787
0.253776
0.253776
0.253778
0.253798
0.253827
0.253848
0.253877
0.254046
0.254206
0.254666
0.255274
0.255354
0.256006
0.256673
0.258057
0.258502
0.260195
0.261594
0.264364
0.264942
0.265799
0.268071
0.269525
0.272542
0.272966
0.273980
0.276059
0.278961
0.280605
0.280926
0.282436
0.289574
0.304458
0.311036
0.314606
0.315635
0.319509
0.321337
0.326303
0.328291
0.333044
0.342774
0.357940
0.363314
0.372900
0.375283
0.381335
0.384617
0.385621
0.396248
0.398802
0.409623
0.413324
0.417623
0.419734
0.422040
0.422508
0.423356
0.424208
0.431399
0.435706
0.435999
0.449806
0.461687
0.461987
0.469681
0.475156
0.480395
0.481879
0.482520
0.482790
0.486833
0.492226
0.498844
0.500387
0.519791
0.522957
0.531018
0.537093
0.537228
0.543574
0.564165
0.569892
0.587694
0.588483
0.591962
0.597993
0.599974
0.604159
0.614485
0.617975
0.626964
0.636707
0.640532
0.646830
0.652979
0.653517
0.654171
0.655951
0.684119
0.690993
0.697418
0.719434
0.721807
0.744820
0.778737
0.781345
0.787973
0.795082
0.807757
0.812782
0.818039
0.822836
0.829504
0.830912
0.834954
0.835360
0.846815
0.848611
0.851828
0.852320
0.856998
0.860865
0.863800
0.865529
0.865685
0.874579
0.875724
0.877888
0.879169
0.879423
0.879185
0.875841
0.863719
0.862866
0.860203
0.859029
0.858707
0.850334
0.849210
0.845753
0.828718
0.828109
0.814019
0.809717
0.797380
0.796967
0.794981
0.722788
0.703759
0.703402
0.675380
0.620822
0.558636
0.509426
0.487977
0.469717
0.469453
0.462030
0.452452
0.409178
0.394475
0.390966
0.309208
0.306901
0.237497
0.222597
0.206857
0.160008
0.119014
0.094904
0.079955
-0.009537
-0.028364
-0.049356
-0.100530
-0.190821
-0.254427
-0.281999
-0.348524
-0.349007
-0.373601
-0.406199
-0.445338
-0.460890
-0.708207
-0.903315
-0.928762
-0.957318
-1.059574
-1.076892
-1.418377
-1.418703
-1.602561
-1.759959
-1.852320
-1.870280
-1.929689
-1.979209
-2.214438
-2.295820
-2.415934
-2.502817
-2.517587
-2.713874
-2.859243
-2.927561
-3.032188
-3.137314
-3.300655
-3.549764
-3.638745
-3.778670
-3.793404
-3.824295
-3.867797
-4.268213
-4.344175
-5.104609
-5.259970
-5.380659
-5.443709
-6.044965
-6.177840
-6.250114
-6.384458
-6.626348
-6.652683
-6.955627
-6.979884
-7.011835
-7.193133
-7.242688
-7.396587
-7.528437
-7.659212
-7.782571
-7.840353
-7.868534
-7.926114
-8.684196
-8.790439
-9.022798
-9.313675
-9.774521
-10.012700
-10.056079
-10.307165
-10.335117
-10.521310
-10.788904
-10.909179
-11.182703
-11.540854
-11.965986
-11.966226
-12.512632
-13.032770
-14.091466
-15.526618
-16.236177
-16.389581
-16.797864
-17.203187
-17.428082
-17.512117
-17.857788
-18.215155
-18.739325
-19.121116
-19.129158
-19.223120
-19.676755
-19.938742
-19.965159
-20.051367
-20.056195
-20.119655
-20.333010
-20.337053
-20.520997
-21.578076
-21.915748
-22.301369
-22.319138
-22.565475
-22.817373
-22.898829
-23.655316
-25.040616
-25.947613
-26.826174
-27.779435