1000 1
-0.160943
-0.134603
-0.120554
-0.119738
-0.098413
-0.088503
-0.079674
-0.047039
-0.046551
-0.020055
-0.013877
0.003459
0.006779
0.021490
0.035475
0.059175
0.104047
0.105092
0.109187
0.117643
0.127497
0.129223
0.130648
0.134714
0.140710
0.143969
0.144075
0.151447
0.151742
0.172547
0.183144
0.186101
0.220842
0.230162
0.241975
0.257846
0.262149
0.274331
0.276420
0.279796
0.287813
0.292901
0.296170
0.309799
0.340764
0.341056
0.342224
0.385758
0.428346
0.450853
0.456183
0.457079
0.457789
0.467944
0.469486
0.475774
0.477177
0.477511
0.480775
0.490325
0.499412
0.505942
0.507128
0.507895
0.513832
0.522366
0.522587
0.529382
0.530849
0.533486
0.561692
0.566408
0.568487
0.569259
0.571307
0.572267
0.588310
0.593870
0.605921
0.613280
0.615773
0.641384
0.642757
0.644195
0.647931
0.651865
0.657751
0.658975
0.666574
0.667018
0.667393
0.667590
0.683244
0.695425
0.696411
0.698361
0.698436
0.707696
0.712306
0.713373
0.723898
0.726022
0.729080
0.735067
0.738678
0.739204
0.743836
0.753584
0.766766
0.768435
0.770604
0.774388
0.777543
0.780893
0.782668
0.786926
0.787185
0.790259
0.804405
0.804690
0.805646
0.805704
0.812264
0.814383
0.814911
0.815000
0.815020
0.816757
0.818192
0.819013
0.819548
0.821226
0.821289
0.821791
0.822602
0.825335
0.825436
0.825529
0.826270
0.827363
0.828187
0.828541
0.832874
0.833277
0.835515
0.835573
0.835598
0.835957
0.836250
0.842295
0.843230
0.847297
0.847810
0.849182
0.849348
0.851782
0.853086
0.853835
0.854376
0.854430
0.854535
0.855489
0.855682
0.856396
0.856848
0.858230
0.858356
0.858451
0.858885
0.858987
0.859009
0.859260
0.859646
0.859664
0.859644
0.859357
0.858820
0.858801
0.858630
0.858328
0.858117
0.857458
0.857344
0.857298
0.856967
0.856691
0.855589
0.855013
0.853871
0.853600
0.853008
0.852824
0.851845
0.851151
0.850982
0.849801
0.849748
0.849285
0.848066
0.847216
0.843854
0.843739
0.843279
0.840982
0.839056
0.838931
0.837619
0.835812
0.835707
0.833772
0.832246
0.829208
0.827987
0.825641
0.820047
0.815101
0.812796
0.812058
0.811458
0.810922
0.810858
0.809485
0.808800
0.800852
0.793522
0.792792
0.791812
0.791581
0.791447
0.784950
0.784549
0.783482
0.781016
0.776524
0.776061
0.776020
0.774909
0.769627
0.765895
0.765804
0.765404
0.761016
0.760112
0.759636
0.758061
0.756287
0.752229
0.751429
0.750283
0.747218
0.743823
0.739003
0.736671
0.732278
0.732143
0.728882
0.727335
0.717570
0.711299
0.711178
0.709084
0.704778
0.702130
0.694656
0.691567
0.688488
0.687428
0.687072
0.686838
0.686325
0.685958
0.682374
0.676760
0.672586
0.672250
0.671847
0.669150
0.668115
0.667099
0.665475
0.664736
0.664254
0.662020
0.657371
0.640741
0.639208
0.629496
0.629049
0.627283
0.625617
0.624720
0.619187
0.617258
0.615473
0.614317
0.610337
0.609024
0.608862
0.606746
0.601216
0.591222
0.589345
0.588819
0.586958
0.586632
0.586452
0.580076
0.573472
0.571224
0.570970
0.563895
0.561832
0.557061
0.552039
0.543642
0.543506
0.542239
0.539528
0.539476
0.537599
0.533010
0.531169
0.530956
0.528605
0.526587
0.522427
0.520565
0.520058
0.516109
0.511747
0.508195
0.508098
0.505886
0.505410
0.500560
0.497294
0.495821
0.491694
0.489494
0.476659
0.473870
0.473535
0.471955
0.470111
0.459444
0.458198
0.457930
0.453535
0.442896
0.442169
0.438843
0.430124
0.428710
0.427003
0.417544
0.415560
0.410471
0.405019
0.388941
0.383176
0.378306
0.375856
0.373443
0.373247
0.367785
0.366670
0.365183
0.363383
0.357983
0.354787
0.354773
0.352367
0.344927
0.344367
0.343618
0.338740
0.331577
0.331457
0.327102
0.324718
0.319711
0.319617
0.315726
0.310046
0.307515
0.307102
0.306648
0.305660
0.301446
0.301283
0.298519
0.297397
0.297233
0.296956
0.296584
0.294869
0.291283
0.291198
0.288703
0.288338
0.281972
0.277876
0.277762
0.275490
0.274781
0.273929
0.273800
0.272813
0.262903
0.260634
0.259083
0.258612
0.258349
0.256229
0.252325
0.251105
0.249410
0.248898
0.248611
0.241802
0.241539
0.239123
0.233017
0.231112
0.229602
0.229292
0.223204
0.222941
0.218094
0.202239
0.201934
0.200717
0.199459
0.195401
0.194863
0.194300
0.193519
0.192143
0.191596
0.189646
0.183547
0.183081
0.182688
0.181914
0.180340
0.179338
0.178070
0.177847
0.176713
0.176042
0.174964
0.174433
0.174176
0.172323
0.169542
0.169518
0.163914
0.163177
0.160688
0.157729
0.154427
0.152002
0.150557
0.149666
0.146129
0.145191
0.142837
0.142124
0.141338
0.138319
0.136579
0.134852
0.133862
0.133509
0.132647
0.129440
0.128271
0.122473
0.120598
0.120233
0.116887
0.116197
0.112909
0.112621
0.112447
0.112267
0.109995
0.108972
0.108756
0.106878
0.104472
0.104398
0.104188
0.103739
0.100744
0.100087
0.100013
0.099327
0.098257
0.098247
0.098170
0.097692
0.097532
0.092902
0.090980
0.090389
0.089657
0.087925
0.087921
0.087409
0.086247
0.086012
0.085986
0.085637
0.082218
0.081914
0.080783
0.080538
0.080130
0.079525
0.076115
0.075444
0.075395
0.074531
0.074286
0.074229
0.072377
0.070991
0.070333
0.069472
0.069036
0.067739
0.066893
0.066204
0.066078
0.065740
0.064967
0.064589
0.064436
0.064077
0.062486
0.060929
0.059913
0.059543
0.059301
0.058804
0.057820
0.057408
0.057251
0.056900
0.056793
0.056622
0.055835
0.055763
0.054445
0.054437
0.054381
0.054365
0.054212
0.054208
0.054128
0.053954
0.053945
0.053920
0.053886
0.053617
0.053543
0.053512
0.053452
0.053411
0.053367
0.053305
0.053297
0.053296
0.053316
0.053327
0.053397
0.053519
0.053676
0.053718
0.053886
0.054037
0.054119
0.054165
0.054168
0.054545
0.054562
0.054620
0.054636
0.054738
0.054956
0.055065
0.055221
0.055249
0.055433
0.055552
0.055810
0.055811
0.056027
0.056050
0.056765
0.056870
0.056964
0.057041
0.057080
0.057481
0.057514
0.058030
0.058278
0.058444
0.058865
0.059109
0.059149
0.060313
0.060518
0.060620
0.060774
0.060927
0.061110
0.061332
0.061402
0.061443
0.061543
0.062228
0.062492
0.062508
0.062609
0.062759
0.062759
0.062912
0.063377
0.064290
0.064328
0.064578
0.064659
0.065673
0.066219
0.066829
0.067505
0.067590
0.068143
0.069120
0.069166
0.069425
0.069814
0.070668
0.070931
0.071406
0.071408
0.072310
0.072313
0.072516
0.073155
0.073890
0.074031
0.074119
0.074246
0.074371
0.074386
0.074389
0.074601
0.074775
0.074923
0.075404
0.075891
0.075910
0.075938
0.075944
0.076163
0.076510
0.076714
0.076833
0.077086
0.077133
0.077170
0.077239
0.077299
0.077373
0.077405
0.077414
0.077489
0.077524
0.077541
0.077553
0.077566
0.077574
0.077577
0.077569
0.077544
0.077481
0.077476
0.077379
0.077351
0.077306
0.077255
0.077215
0.077161
0.077045
0.076944
0.076936
0.076934
0.076826
0.075957
0.075890
0.075737
0.075525
0.075293
0.075148
0.075132
0.075103
0.074957
0.074849
0.074788
0.074717
0.074415
0.074203
0.073730
0.073238
0.073179
0.072734
0.072324
0.071558
0.071329
0.070507
0.069872
0.068691
0.068455
0.068109
0.067216
0.066661
0.065537
0.065382
0.065013
0.064267
0.063244
0.062672
0.062561
0.062041
0.059627
0.054746
0.052627
0.051483
0.051154
0.049916
0.049333
0.047752
0.047120
0.045609
0.042517
0.037688
0.035970
0.032895
0.032128
0.030176
0.029113
0.028788
0.025328
0.024493
0.020932
0.019707
0.018278
0.017574
0.016804
0.016647
0.016363
0.016078
0.013659
0.012203
0.012103
0.007386
0.003268
0.003163
0.000466
-0.001470
-0.003334
-0.003865
-0.004094
-0.004191
-0.005642
-0.007590
-0.010000
-0.010565
-0.017772
-0.018967
-0.022035
-0.024372
-0.024424
-0.026889
-0.035060
-0.037383
-0.044752
-0.045084
-0.046554
-0.049125
-0.049975
-0.051784
-0.056308
-0.057859
-0.061904
-0.066376
-0.068157
-0.071124
-0.074063
-0.074322
-0.074637
-0.075498
-0.089640
-0.093252
-0.096693
-0.108997
-0.110376
-0.124354
-0.147478
-0.149415
-0.154461
-0.160089
-0.170773
-0.175277
-0.180182
-0.184850
-0.191692
-0.193196
-0.197643
-0.198100
-0.212048
-0.214450
-0.218940
-0.219651
-0.226757
-0.233227
-0.238611
-0.242025
-0.242344
-0.265248
-0.269483
-0.279931
-0.291136
-0.300390
-0.306649
-0.328244
-0.360380
-0.362035
-0.366947
-0.369006
-0.369560
-0.382722
-0.384337
-0.389129
-0.409830
-0.410501
-0.425061
-0.429192
-0.440397
-0.440757
-0.442478
-0.495381
-0.507192
-0.507407
-0.523714
-0.552625
-0.582198
-0.603697
-0.612638
-0.620067
-0.620174
-0.623147
-0.626948
-0.643634
-0.649136
-0.650437
-0.679595
-0.680388
-0.703575
-0.708396
-0.713432
-0.728104
-0.740577
-0.747765
-0.752170
-0.777767
-0.782995
-0.788766
-0.802581
-0.826157
-0.842211
-0.849039
-0.865208
-0.865324
-0.871197
-0.878899
-0.888027
-0.891619
-0.946343
-0.986769
-0.991887
-0.997591
-1.017687
-1.021041
-1.084598
-1.084656
-1.117068
-1.143949
-1.159380
-1.162352
-1.172123
-1.180194
-1.217691
-1.230358
-1.248785
-1.261923
-1.264142
-1.293212
-1.314277
-1.324047
-1.338857
-1.353556
-1.376053
-1.409607
-1.421383
-1.439691
-1.441604
-1.445606
-1.451222
-1.501859
-1.511261
-1.602182
-1.620101
-1.633881
-1.641032
-1.707675
-1.722046
-1.729812
-1.744153
-1.769678
-1.772434
-1.803837
-1.806328
-1.809603
-1.828077
-1.833094
-1.848588
-1.861759
-1.874732
-1.886888
-1.892555
-1.895313
-1.900935
-1.973481
-1.983439
-2.005049
-2.031784
-2.073452
-2.094672
-2.098514
-2.120621
-2.123069
-2.139302
-2.162426
-2.172743
-2.196031
-2.226171
-2.261450
-2.261470
-2.306058
-2.347756
-2.430542
-2.538723
-2.590654
-2.601755
-2.631090
-2.659916
-2.675787
-2.681695
-2.705873
-2.730663
-2.766656
-2.792605
-2.793149
-2.799500
-2.829981
-2.847450
-2.849206
-2.854929
-2.855249
-2.859455
-2.873556
-2.873822
-2.885928
-2.954623
-2.976264
-3.000806
-3.001933
-3.017511
-3.033367
-3.038478
-3.085584
-3.170216
-3.224551
-3.276417
-3.331882