1000 1
-0.604756
-0.562074
-0.539552
-0.538248
-0.504401
-0.488805
-0.474983
-0.424479
-0.423731
-0.383424
-0.374115
-0.348174
-0.343236
-0.321474
-0.300968
-0.266614
-0.202964
-0.201505
-0.195790
-0.184042
-0.170433
-0.168059
-0.166100
-0.160524
-0.152326
-0.147886
-0.147742
-0.137732
-0.137333
-0.109364
-0.095274
-0.091361
-0.046010
-0.034039
-0.018986
0.001028
0.006413
0.021557
0.024140
0.028304
0.038150
0.044366
0.048346
0.064827
0.101584
0.101926
0.103294
0.153273
0.200282
0.224356
0.229978
0.230920
0.231667
0.242277
0.243878
0.250381
0.251827
0.252170
0.255523
0.265265
0.274443
0.280981
0.282164
0.282928
0.288819
0.297218
0.297435
0.304062
0.305486
0.308039
0.334857
0.339251
0.341179
0.341894
0.343788
0.344673
0.359316
0.364319
0.375037
0.381495
0.383667
0.405543
0.406692
0.407894
0.411003
0.414257
0.419089
0.420088
0.426248
0.426606
0.426908
0.427066
0.439495
0.448939
0.449694
0.451185
0.451242
0.458245
0.461687
0.462480
0.470209
0.471749
0.473955
0.478234
0.480789
0.481159
0.484405
0.491125
0.499975
0.501075
0.502499
0.504963
0.506998
0.509142
0.510269
0.512952
0.513114
0.515029
0.523616
0.523785
0.524351
0.524385
0.528218
0.529437
0.529740
0.529790
0.529802
0.530791
0.531604
0.532067
0.532368
0.533308
0.533343
0.533622
0.534073
0.535581
0.535637
0.535688
0.536093
0.536689
0.537136
0.537327
0.539646
0.539859
0.541035
0.541065
0.541079
0.541266
0.541418
0.544510
0.544978
0.546977
0.547225
0.547882
0.547962
0.549105
0.549705
0.550045
0.550289
0.550313
0.550360
0.550783
0.550867
0.551177
0.551371
0.551944
0.551994
0.552032
0.552200
0.552238
0.552246
0.552336
0.552447
0.552446
0.552403
0.552234
0.551965
0.551956
0.551875
0.551733
0.551636
0.551337
0.551286
0.551266
0.551119
0.550998
0.550521
0.550276
0.549795
0.549682
0.549436
0.549360
0.548957
0.548674
0.548606
0.548128
0.548107
0.547921
0.547434
0.547097
0.545780
0.545735
0.545557
0.544671
0.543936
0.543888
0.543390
0.542708
0.542668
0.541943
0.541373
0.540247
0.539797
0.538936
0.536899
0.535116
0.534290
0.534026
0.533812
0.533621
0.533598
0.533108
0.532864
0.530048
0.527470
0.527214
0.526871
0.526790
0.526743
0.524471
0.524331
0.523959
0.523100
0.521536
0.521375
0.521361
0.520974
0.519138
0.517842
0.517810
0.517671
0.516147
0.515834
0.515668
0.515121
0.514505
0.513095
0.512817
0.512418
0.511352
0.510171
0.508491
0.507677
0.506142
0.506095
0.504953
0.504412
0.500979
0.498765
0.498722
0.497980
0.496452
0.495509
0.492839
0.491731
0.490624
0.490241
0.490113
0.490029
0.489843
0.489711
0.488415
0.486377
0.484854
0.484731
0.484584
0.483596
0.483216
0.482843
0.482245
0.481973
0.481795
0.480971
0.479249
0.473015
0.472434
0.468731
0.468559
0.467881
0.467239
0.466894
0.464751
0.464000
0.463304
0.462852
0.461292
0.460776
0.460712
0.459877
0.457685
0.453681
0.452923
0.452710
0.451956
0.451824
0.451751
0.449150
0.446431
0.445499
0.445394
0.442441
0.441575
0.439560
0.437423
0.433815
0.433756
0.433208
0.432030
0.432007
0.431189
0.429179
0.428368
0.428274
0.427235
0.426341
0.424487
0.423654
0.423427
0.421649
0.419673
0.418053
0.418009
0.416995
0.416777
0.414540
0.413024
0.412338
0.410406
0.409371
0.403256
0.401910
0.401748
0.400982
0.400086
0.394846
0.394228
0.394095
0.391902
0.386527
0.386156
0.384453
0.379942
0.379205
0.378311
0.373313
0.372253
0.369520
0.366565
0.357679
0.354430
0.351659
0.350256
0.348867
0.348754
0.345589
0.344938
0.344069
0.343013
0.339827
0.337925
0.337917
0.336478
0.331988
0.331648
0.331192
0.328207
0.323774
0.323699
0.320974
0.319473
0.316297
0.316237
0.313748
0.310081
0.308434
0.308164
0.307868
0.307222
0.304452
0.304344
0.302515
0.301769
0.301660
0.301476
0.301228
0.300083
0.297677
0.297620
0.295936
0.295688
0.291350
0.288530
0.288451
0.286876
0.286383
0.285790
0.285700
0.285011
0.278020
0.276400
0.275287
0.274949
0.274760
0.273232
0.270400
0.269510
0.268271
0.267896
0.267685
0.262652
0.262456
0.260652
0.256050
0.254603
0.253451
0.253214
0.248528
0.248324
0.244546
0.231901
0.231653
0.230663
0.229636
0.226304
0.225860
0.225395
0.224749
0.223606
0.223151
0.221524
0.216386
0.215990
0.215656
0.214997
0.213653
0.212795
0.211706
0.211514
0.210537
0.209957
0.209024
0.208563
0.208340
0.206727
0.204291
0.204270
0.199309
0.198651
0.196419
0.193747
0.190740
0.188514
0.187179
0.186354
0.183059
0.182178
0.179961
0.179286
0.178540
0.175659
0.173987
0.172318
0.171358
0.171014
0.170174
0.167030
0.165875
0.160082
0.158184
0.157813
0.154390
0.153679
0.150263
0.149962
0.149780
0.149592
0.147202
0.146118
0.145888
0.143886
0.141297
0.141217
0.140990
0.140502
0.137231
0.136507
0.136425
0.135667
0.134480
0.134469
0.134383
0.133850
0.133672
0.128440
0.126231
0.125547
0.124696
0.122669
0.122665
0.122061
0.120684
0.120405
0.120374
0.119958
0.115831
0.115459
0.114067
0.113765
0.113259
0.112506
0.108193
0.107329
0.107266
0.106145
0.105825
0.105750
0.103305
0.101443
0.100547
0.099365
0.098762
0.096943
0.095737
0.094744
0.094561
0.094067
0.092928
0.092365
0.092135
0.091595
0.089148
0.086651
0.084957
0.084323
0.083905
0.083029
0.081233
0.080451
0.080148
0.079455
0.079241
0.078894
0.077223
0.077063
0.073785
0.073762
0.073603
0.073556
0.073094
0.073082
0.072828
0.072249
0.072214
0.072126
0.072005
0.070913
0.070555
0.070389
0.070042
0.069770
0.069427
0.068646
0.068395
0.068371
0.067624
0.067497
0.066957
0.066411
0.065935
0.065832
0.065473
0.065209
0.065083
0.065017
0.065012
0.064554
0.064536
0.064477
0.064461
0.064364
0.064176
0.064091
0.063978
0.063959
0.063840
0.063769
0.063629
0.063629
0.063524
0.063513
0.063238
0.063204
0.063176
0.063154
0.063142
0.063039
0.063031
0.062924
0.062881
0.062855
0.062798
0.062770
0.062766
0.062676
0.062666
0.062661
0.062655
0.062650
0.062644
0.062638
0.062637
0.062636
0.062634
0.062626
0.062625
0.062625
0.062625
0.062625
0.062625
0.062625
0.062627
0.062634
0.062634
0.062636
0.062636
0.062639
0.062636
0.062626
0.062607
0.062604
0.062578
0.062506
0.062502
0.062476
0.062431
0.062302
0.062254
0.062153
0.062153
0.061908
0.061907
0.061840
0.061598
0.061245
0.061166
0.061115
0.061038
0.060958
0.060949
0.060947
0.060802
0.060674
0.060559
0.060131
0.059590
0.059567
0.059531
0.059523
0.059224
0.058662
0.058263
0.057996
0.057313
0.057159
0.057034
0.056774
0.056520
0.056161
0.055977
0.055924
0.055381
0.055038
0.054822
0.054645
0.054381
0.054110
0.053871
0.053198
0.052652
0.051868
0.051817
0.050989
0.050790
0.050480
0.050162
0.049928
0.049624
0.049028
0.048550
0.048514
0.048502
0.048026
0.044847
0.044633
0.044154
0.043514
0.042838
0.042425
0.042382
0.042298
0.041896
0.041603
0.041438
0.041250
0.040461
0.039921
0.038754
0.037586
0.037449
0.036433
0.035519
0.033869
0.033387
0.031701
0.030436
0.028160
0.027715
0.027068
0.025430
0.024430
0.022448
0.022179
0.021541
0.020267
0.018548
0.017603
0.017420
0.016570
0.012716
0.005310
0.002227
0.000590
0.000123
-0.001620
-0.002434
-0.004620
-0.005485
-0.007533
-0.011647
-0.017881
-0.020046
-0.023861
-0.024801
-0.027174
-0.028453
-0.028843
-0.032944
-0.033922
-0.038039
-0.039438
-0.041057
-0.041849
-0.042714
-0.042889
-0.043207
-0.043525
-0.046208
-0.047807
-0.047916
-0.053015
-0.057372
-0.057482
-0.060290
-0.062283
-0.064187
-0.064725
-0.064957
-0.065055
-0.066521
-0.068473
-0.070864
-0.071421
-0.078409
-0.079547
-0.082444
-0.084625
-0.084673
-0.086951
-0.094340
-0.096397
-0.102797
-0.103081
-0.104333
-0.106507
-0.107222
-0.108733
-0.112467
-0.113731
-0.116994
-0.120543
-0.121940
-0.124245
-0.126502
-0.126700
-0.126940
-0.127595
-0.138049
-0.140629
-0.143053
-0.151461
-0.152378
-0.161401
-0.175262
-0.176364
-0.179195
-0.182283
-0.187944
-0.190253
-0.192716
-0.195011
-0.198288
-0.198995
-0.201056
-0.201265
-0.207442
-0.208464
-0.210343
-0.210636
-0.213514
-0.216044
-0.218084
-0.219348
-0.219465
-0.227328
-0.228670
-0.231831
-0.234989
-0.237419
-0.238972
-0.243775
-0.249363
-0.249601
-0.250280
-0.250552
-0.250624
-0.252175
-0.252345
-0.252822
-0.254434
-0.254474
-0.255159
-0.255288
-0.255498
-0.255501
-0.255514
-0.253562
-0.252515
-0.252493
-0.250682
-0.246456
-0.240811
-0.235879
-0.233625
-0.231662
-0.231634
-0.230825
-0.229772
-0.224898
-0.223202
-0.222795
-0.213020
-0.212737
-0.204067
-0.202169
-0.200150
-0.194066
-0.188656
-0.185440
-0.183434
-0.171242
-0.168641
-0.165727
-0.158564
-0.145743
-0.136582
-0.132582
-0.122859
-0.122788
-0.119170
-0.114355
-0.108547
-0.106231
-0.068864
-0.038768
-0.034809
-0.030356
-0.014341
-0.011618
0.042648
0.042701
0.072313
0.097851
0.112910
0.115845
0.125565
0.133682
0.172422
0.185891
0.205825
0.220285
0.222746
0.255543
0.279930
0.291417
0.309042
0.326789
0.354434
0.396752
0.411910
0.435791
0.438308
0.443588
0.451028
0.519724
0.532797
0.664316
0.691317
0.712320
0.723302
0.828334
0.851615
0.864289
0.887865
0.930372
0.935004
0.988350
0.992626
0.998259
1.030246
1.038995
1.066184
1.089497
1.112638
1.134482
1.144719
1.149713
1.159919
1.294568
1.313478
1.354868
1.406740
1.489053
1.531654
1.539417
1.584375
1.589382
1.622750
1.670745
1.692331
1.741453
1.805838
1.882356
1.882399
1.980881
2.074764
2.266229
2.526496
2.655450
2.683352
2.757648
2.831457
2.872432
2.887746
2.950763
3.015948
3.111621
3.181353
3.182822
3.199990
3.282903
3.330811
3.335643
3.351411
3.352294
3.363903
3.402939
3.403679
3.437343
3.630947
3.692842
3.763556
3.766815
3.812004
3.858225
3.873174
4.012069
4.266686
4.433569
4.595344
4.771007