1000 1
0.279123
0.279120
0.279085
0.278972
0.278899
0.278890
0.278866
0.278726
0.278674
0.278580
0.278544
0.278537
0.278526
0.278507
0.278477
0.278449
0.278441
0.278389
0.278346
0.278313
0.278267
0.278265
0.278132
0.278074
0.278073
0.278065
0.278037
0.277967
0.277914
0.277870
0.277869
0.277848
0.277770
0.277751
0.277672
0.277401
0.277384
0.277366
0.277316
0.277309
0.277295
0.277263
0.277145
0.277053
0.277047
0.276945
0.276885
0.276827
0.276816
0.276793
0.276676
0.276671
0.276664
0.276632
0.276631
0.276568
0.276452
0.276290
0.276262
0.276251
0.276239
0.276199
0.276148
0.276138
0.276094
0.276081
0.276056
0.276007
0.276006
0.275992
0.275931
0.275925
0.275903
0.275748
0.275722
0.275607
0.275542
0.275526
0.275513
0.275443
0.275431
0.275424
0.275354
0.275257
0.275117
0.275115
0.275100
0.275076
0.275038
0.274979
0.274948
0.274943
0.274922
0.274802
0.274792
0.274789
0.274754
0.274735
0.274586
0.274565
0.274538
0.274520
0.274480
0.274462
0.274446
0.274321
0.274272
0.274264
0.274136
0.274125
0.274120
0.274090
0.274064
0.274035
0.274024
0.274004
0.274004
0.273983
0.273940
0.273868
0.273808
0.273797
0.273784
0.273763
0.273752
0.273737
0.273677
0.273637
0.273596
0.273578
0.273554
0.273538
0.273525
0.273466
0.273397
0.273374
0.273334
0.273314
0.273287
0.273265
0.273239
0.273231
0.273214
0.273091
0.273019
0.272954
0.272941
0.272927
0.272872
0.272862
0.272791
0.272758
0.272738
0.272631
0.272567
0.272468
0.272445
0.272366
0.272341
0.272299
0.272282
0.272249
0.272248
0.272246
0.272246
0.272162
0.272061
0.271984
0.271983
0.271960
0.271949
0.271918
0.271824
0.271805
0.271794
0.271789
0.271769
0.271680
0.271637
0.271592
0.271589
0.271564
0.271506
0.271431
0.271388
0.271325
0.271313
0.271301
0.271278
0.271236
0.271223
0.271172
0.271109
0.271096
0.271057
0.271033
0.271005
0.270938
0.270931
0.270880
0.270872
0.270867
0.270864
0.270830
0.270817
0.270813
0.270805
0.270714
0.270651
0.270635
0.270634
0.270374
0.270332
0.270265
0.270232
0.270193
0.270150
0.270099
0.270018
0.270004
0.269964
0.269942
0.269853
0.269850
0.269848
0.269798
0.269795
0.269779
0.269761
0.269585
0.269328
0.269285
0.269216
0.269189
0.269179
0.269121
0.269079
0.269033
0.269015
0.269001
0.268965
0.268949
0.268948
0.268903
0.268893
0.268885
0.268873
0.268817
0.268787
0.268696
0.268600
0.268591
0.268557
0.268525
0.268502
0.268490
0.268464
0.268348
0.268269
0.268243
0.268221
0.268195
0.268140
0.268123
0.267969
0.267908
0.267854
0.267770
0.267721
0.267718
0.267694
0.267662
0.267639
0.267634
0.267623
0.267563
0.267532
0.267487
0.267446
0.267426
0.267414
0.267398
0.267364
0.267332
0.267322
0.267286
0.267272
0.267264
0.267256
0.267253
0.267207
0.267191
0.267164
0.267153
0.267120
0.267105
0.267051
0.267020
0.267004
0.266993
0.266982
0.266956
0.266916
0.266902
0.266888
0.266854
0.266842
0.266778
0.266775
0.266761
0.266723
0.266679
0.266611
0.266571
0.266516
0.266483
0.266434
0.266412
0.266351
0.266345
0.266309
0.266211
0.266189
0.266164
0.266139
0.266090
0.265972
0.265944
0.265943
0.265842
0.265781
0.265777
0.265699
0.265682
0.265644
0.265603
0.265552
0.265539
0.265520
0.265494
0.265467
0.265462
0.265442
0.265427
0.265419
0.265371
0.265354
0.265329
0.265312
0.265301
0.265271
0.265250
0.265238
0.265235
0.265104
0.265074
0.265056
0.265025
0.265009
0.265001
0.264957
0.264882
0.264842
0.264817
0.264761
0.264718
0.264696
0.264621
0.264605
0.264567
0.264478
0.264425
0.264394
0.264284
0.264253
0.264248
0.264167
0.264120
0.264110
0.264104
0.264073
0.264068
0.264035
0.264000
0.264000
0.263984
0.263956
0.263940
0.263901
0.263870
0.263820
0.263684
0.263640
0.263635
0.263622
0.263607
0.263469
0.263431
0.263406
0.263397
0.263336
0.263259
0.263244
0.263194
0.263182
0.263180
0.263178
0.263135
0.263120
0.263108
0.263106
0.263093
0.263073
0.263019
0.262964
0.262903
0.262894
0.262790
0.262783
0.262772
0.262769
0.262659
0.262500
0.262398
0.262357
0.262311
0.262299
0.262295
0.262250
0.262234
0.262098
0.261964
0.261885
0.261718
0.261703
0.261679
0.261581
0.261499
0.261483
0.261477
0.261426
0.261425
0.261421
0.261402
0.261382
0.261382
0.261350
0.261254
0.261251
0.261235
0.261195
0.261192
0.261129
0.261022
0.261000
0.260971
0.260936
0.260930
0.260886
0.260847
0.260827
0.260746
0.260737
0.260552
0.260486
0.260391
0.260342
0.260330
0.260279
0.260248
0.259957
0.259908
0.259904
0.259709
0.259684
0.259669
0.259626
0.259616
0.259615
0.259596
0.259572
0.259465
0.259456
0.259449
0.259416
0.259350
0.259334
0.259321
0.259240
0.259162
0.259094
0.259031
0.258999
0.258992
0.258989
0.258987
0.258977
0.258969
0.258900
0.258899
0.258895
0.258836
0.258820
0.258745
0.258721
0.258676
0.258616
0.258592
0.258522
0.258488
0.258482
0.258479
0.258420
0.258396
0.258254
0.258237
0.258200
0.258152
0.258130
0.258110
0.258084
0.258022
0.257986
0.257957
0.257957
0.257773
0.257674
0.257661
0.257659
0.257648
0.257634
0.257560
0.257548
0.257516
0.257502
0.257392
0.257357
0.257328
0.257282
0.257276
0.257218
0.257067
0.257044
0.257039
0.256874
0.256801
0.256747
0.256735
0.256677
0.256662
0.256583
0.256548
0.256531
0.256479
0.256467
0.256444
0.256391
0.256293
0.256293
0.256287
0.256212
0.256160
0.256135
0.256104
0.256103
0.256020
0.255999
0.255914
0.255889
0.255883
0.255881
0.255769
0.255757
0.255740
0.255701
0.255645
0.255577
0.255485
0.255461
0.255441
0.255284
0.255212
0.254922
0.254870
0.254818
0.254752
0.254720
0.254702
0.254682
0.254656
0.254651
0.254633
0.254569
0.254506
0.254484
0.254475
0.254469
0.254466
0.254409
0.254307
0.254297
0.254295
0.254274
0.254258
0.254249
0.254112
0.254091
0.253941
0.253889
0.253863
0.253838
0.253791
0.253704
0.253696
0.253635
0.253573
0.253534
0.253441
0.253418
0.253397
0.253391
0.253367
0.253346
0.253337
0.253301
0.253233
0.253183
0.253170
0.253159
0.253149
0.253103
0.253088
0.253080
0.253062
0.252978
0.252976
0.252909
0.252880
0.252811
0.252800
0.252794
0.252744
0.252734
0.252730
0.252723
0.252695
0.252687
0.252449
0.252448
0.252438
0.252430
0.252408
0.252406
0.252380
0.252365
0.252359
0.252294
0.252232
0.252120
0.252085
0.252051
0.252037
0.252033
0.252009
0.251966
0.251917
0.251915
0.251821
0.251803
0.251784
0.251776
0.251773
0.251702
0.251651
0.251597
0.251578
0.251575
0.251513
0.251511
0.251448
0.251447
0.251400
0.251396
0.251362
0.251275
0.251266
0.251228
0.251214
0.251059
0.251041
0.251023
0.251018
0.250991
0.250990
0.250954
0.250821
0.250799
0.250758
0.250652
0.250531
0.250529
0.250504
0.250491
0.250487
0.250421
0.250408
0.250380
0.250379
0.250324
0.250294
0.250254
0.250249
0.250249
0.250143
0.250135
0.250120
0.250102
0.250064
0.250004
0.249996
0.249984
0.249956
0.249937
0.249929
0.249917
0.249901
0.249892
0.249879
0.249874
0.249874
0.249856
0.249748
0.249714
0.249672
0.249661
0.249647
0.249642
0.249607
0.249577
0.249541
0.249451
0.249440
0.249423
0.249318
0.249275
0.249192
0.249143
0.249060
0.249040
0.249015
0.248960
0.248946
0.248936
0.248930
0.248904
0.248871
0.248778
0.248731
0.248708
0.248706
0.248663
0.248543
0.248542
0.248465
0.248453
0.248391
0.248359
0.248353
0.248291
0.248286
0.248285
0.248257
0.248231
0.248215
0.248167
0.248092
0.247990
0.247989
0.247966
0.247963
0.247958
0.247954
0.247949
0.247899
0.247883
0.247866
0.247820
0.247741
0.247687
0.247683
0.247606
0.247595
0.247583
0.247563
0.247527
0.247479
0.247431
0.247416
0.247403
0.247391
0.247374
0.247352
0.247325
0.247319
0.247314
0.247311
0.247310
0.247252
0.247243
0.247174
0.247171
0.247152
0.247069
0.247004
0.246996
0.246720
0.246709
0.246694
0.246672
0.246644
0.246595
0.246463
0.246405
0.246377
0.246374
0.246363
0.246326
0.246230
0.246230
0.246192
0.246127
0.246020
0.246009
0.245901
0.245882
0.245865
0.245859
0.245770
0.245770
0.245723
0.245588
0.245473
0.245455
0.245437
0.245402
0.245318
0.245314
0.245313
0.245286
0.245278
0.245270
0.245252
0.245237
0.245228
0.245190
0.245148
0.245144
0.245122
0.245115
0.245009
0.245004
0.244983
0.244973
0.244972
0.244865
0.244830
0.244811
0.244722
0.244645
0.244642
0.244641
0.244594
0.244594
0.244577
0.244546
0.244528
0.244505
0.244436
0.244415
0.244361
0.244335
0.244280
0.244223
0.244203
0.244195
0.244173
0.244119
0.244081
0.244049
0.244002
0.243973
0.243942
0.243939
0.243913
0.243857
0.243807
0.243723
0.243651
0.243646
0.243643
0.243601
0.243592
0.243538
0.243525
0.243520
0.243516
0.243345
0.243323
0.243315
0.243313
0.243302
0.243156
0.243153
0.243111
0.243089
0.243069
0.243011
0.242998
0.242993
0.242958
0.242897
0.242881
0.242850
0.242745
0.242606
0.242558
0.242520
0.242513
0.242456
0.242433
0.242422
0.242416
0.242398
0.242376
0.242321
0.242314
0.242312
0.242293
0.242235
0.242227
0.242220
0.242219
0.242107
0.242003
0.241990
0.241952
0.241938
0.241883
0.241870
0.241809
0.241804
0.241778
0.241715
0.241670
0.241655
0.241652
0.241611
0.241561
0.241560
0.241533
0.241527
0.241525
0.241519
0.241509
0.241497
0.241415
0.241396
0.241382
0.241292
0.241256
0.241243
0.241227
0.241207
0.241094
0.241049
0.241008
0.240950
0.240937
0.240931
0.240862
0.240855
0.240756
0.240705
0.240694
0.240661
0.240609
0.240579
0.240553
0.240523
0.240470
0.240434
0.240403
0.240390
0.240294
0.240225
0.240174
0.240085
0.240080
0.240069
0.240050