100 1
0.338977
0.337131
0.337030
0.336912
0.334918
0.332646
0.332115
0.329252
0.329237
0.328524
0.326970
0.326494
0.325595
0.325424
0.325154
0.325148
0.324263
0.323632
0.323177
0.322642
0.321850
0.320452
0.319854
0.319011
0.318903
0.317452
0.316775
0.314077
0.314043
0.313828
0.313592
0.313535
0.313225
0.313015
0.311090
0.310171
0.310162
0.308891
0.308736
0.308569
0.308550
0.308218
0.305519
0.305013
0.304969
0.303297
0.303046
0.302918
0.302670
0.301569
0.300908
0.300688
0.300672
0.300585
0.299384
0.299101
0.298271
0.298193
0.295514
0.295268
0.295220
0.295216
0.295152
0.295104
0.294409
0.293792
0.292425
0.292382
0.292189
0.291890
0.290175
0.289959
0.289839
0.289222
0.288890
0.287968
0.287317
0.287256
0.287206
0.286688
0.285725
0.285452
0.285114
0.281873
0.281817
0.281122
0.280977
0.280460
0.279789
0.279481
0.279358
0.279335
0.278461
0.278182
0.276975
0.275241
0.274810
0.274765
0.273354
0.272770