1000 1
0.673985
0.673921
0.673010
0.670108
0.668240
0.668001
0.667378
0.663793
0.662455
0.660030
0.659113
0.658922
0.658658
0.658151
0.657392
0.656677
0.656468
0.655114
0.654033
0.653179
0.651982
0.651929
0.648522
0.647024
0.647008
0.646791
0.646087
0.644278
0.642909
0.641787
0.641757
0.641213
0.639210
0.638720
0.636710
0.629733
0.629310
0.628832
0.627543
0.627364
0.627010
0.626192
0.623156
0.620781
0.620644
0.618015
0.616471
0.614976
0.614689
0.614111
0.611096
0.610980
0.610801
0.609966
0.609950
0.608328
0.605336
0.601191
0.600463
0.600171
0.599865
0.598845
0.597546
0.597274
0.596140
0.595801
0.595157
0.593921
0.593897
0.593530
0.591952
0.591805
0.591237
0.587247
0.586583
0.583640
0.581954
0.581559
0.581220
0.579414
0.579114
0.578936
0.577141
0.574642
0.571038
0.570998
0.570612
0.569997
0.569018
0.567491
0.566694
0.566571
0.566029
0.562953
0.562688
0.562601
0.561700
0.561217
0.557382
0.556853
0.556171
0.555685
0.554663
0.554212
0.553790
0.550571
0.549319
0.549117
0.545824
0.545557
0.545424
0.544657
0.543985
0.543236
0.542953
0.542441
0.542432
0.541886
0.540783
0.538934
0.537385
0.537119
0.536785
0.536238
0.535958
0.535578
0.534038
0.533006
0.531942
0.531487
0.530859
0.530465
0.530114
0.528616
0.526830
0.526239
0.525225
0.524691
0.524017
0.523434
0.522782
0.522566
0.522135
0.518970
0.517112
0.515441
0.515124
0.514769
0.513333
0.513080
0.511263
0.510426
0.509901
0.507157
0.505500
0.502958
0.502377
0.500351
0.499697
0.498628
0.498177
0.497329
0.497296
0.497258
0.497249
0.495104
0.492493
0.490532
0.490508
0.489902
0.489613
0.488831
0.486409
0.485924
0.485642
0.485518
0.485009
0.482710
0.481597
0.480452
0.480377
0.479740
0.478237
0.476317
0.475202
0.473592
0.473271
0.472960
0.472389
0.471289
0.470958
0.469663
0.468047
0.467698
0.466697
0.466092
0.465376
0.463640
0.463465
0.462156
0.461948
0.461810
0.461753
0.460865
0.460537
0.460423
0.460212
0.457895
0.456261
0.455855
0.455826
0.449152
0.448068
0.446347
0.445498
0.444494
0.443400
0.442071
0.440007
0.439647
0.438614
0.438038
0.435754
0.435675
0.435630
0.434355
0.434271
0.433861
0.433386
0.428879
0.422277
0.421159
0.419386
0.418706
0.418440
0.416947
0.415880
0.414675
0.414213
0.413859
0.412950
0.412519
0.412490
0.411340
0.411078
0.410877
0.410568
0.409147
0.408371
0.406033
0.403553
0.403314
0.402458
0.401625
0.401045
0.400723
0.400055
0.397080
0.395039
0.394372
0.393813
0.393162
0.391738
0.391295
0.387351
0.385767
0.384386
0.382236
0.380967
0.380890
0.380273
0.379459
0.378857
0.378727
0.378461
0.376898
0.376109
0.374959
0.373890
0.373383
0.373086
0.372679
0.371786
0.370969
0.370707
0.369778
0.369437
0.369222
0.369010
0.368930
0.367759
0.367345
0.366651
0.366375
0.365513
0.365145
0.363739
0.362942
0.362533
0.362270
0.361985
0.361311
0.360287
0.359919
0.359573
0.358691
0.358391
0.356730
0.356654
0.356294
0.355333
0.354203
0.352445
0.351405
0.350008
0.349152
0.347892
0.347325
0.345761
0.345595
0.344675
0.342155
0.341591
0.340959
0.340323
0.339056
0.336032
0.335298
0.335268
0.332672
0.331104
0.331010
0.329017
0.328580
0.327589
0.326541
0.325236
0.324895
0.324397
0.323738
0.323038
0.322917
0.322410
0.322015
0.321808
0.320583
0.320139
0.319489
0.319050
0.318790
0.318006
0.317475
0.317154
0.317078
0.313712
0.312953
0.312476
0.311682
0.311273
0.311074
0.309932
0.308022
0.306978
0.306328
0.304908
0.303805
0.303218
0.301304
0.300897
0.299917
0.297633
0.296270
0.295470
0.292642
0.291847
0.291721
0.289629
0.288426
0.288179
0.288020
0.287229
0.287090
0.286244
0.285331
0.285331
0.284935
0.284213
0.283812
0.282792
0.281992
0.280713
0.277219
0.276103
0.275965
0.275635
0.275253
0.271694
0.270724
0.270084
0.269851
0.268284
0.266291
0.265904
0.264631
0.264324
0.264274
0.264230
0.263113
0.262732
0.262413
0.262369
0.262035
0.261517
0.260122
0.258710
0.257157
0.256916
0.254254
0.254063
0.253785
0.253715
0.250876
0.246802
0.244165
0.243114
0.241929
0.241636
0.241533
0.240369
0.239962
0.236452
0.233009
0.230979
0.226706
0.226309
0.225708
0.223166
0.221067
0.220667
0.220513
0.219184
0.219176
0.219066
0.218586
0.218069
0.218053
0.217237
0.214768
0.214709
0.214293
0.213255
0.213176
0.211573
0.208805
0.208246
0.207492
0.206611
0.206458
0.205322
0.204310
0.203794
0.201726
0.201476
0.196727
0.195035
0.192596
0.191327
0.191032
0.189719
0.188923
0.181445
0.180181
0.180081
0.175057
0.174430
0.174036
0.172939
0.172681
0.172658
0.172172
0.171536
0.168802
0.168579
0.168394
0.167538
0.165846
0.165429
0.165088
0.163014
0.161006
0.159268
0.157646
0.156811
0.156643
0.156573
0.156520
0.156258
0.156040
0.154284
0.154260
0.154145
0.152641
0.152233
0.150288
0.149673
0.148520
0.146985
0.146374
0.144554
0.143687
0.143544
0.143467
0.141930
0.141320
0.137674
0.137241
0.136297
0.135047
0.134485
0.133983
0.133320
0.131717
0.130782
0.130045
0.130043
0.125303
0.122776
0.122450
0.122375
0.122103
0.121754
0.119846
0.119538
0.118713
0.118357
0.115532
0.114633
0.113886
0.112697
0.112532
0.111054
0.107160
0.106580
0.106465
0.102207
0.100333
0.098951
0.098634
0.097139
0.096755
0.094733
0.093828
0.093397
0.092070
0.091759
0.091161
0.089806
0.087285
0.087283
0.087128
0.085212
0.083860
0.083229
0.082428
0.082404
0.080263
0.079718
0.077544
0.076895
0.076755
0.076688
0.073814
0.073499
0.073066
0.072057
0.070618
0.068879
0.066507
0.065887
0.065388
0.061347
0.059498
0.052057
0.050715
0.049379
0.047678
0.046846
0.046399
0.045887
0.045216
0.045074
0.044627
0.042981
0.041365
0.040780
0.040556
0.040395
0.040329
0.038876
0.036246
0.035981
0.035941
0.035386
0.034984
0.034764
0.031223
0.030695
0.026843
0.025497
0.024843
0.024190
0.022985
0.020742
0.020539
0.018976
0.017380
0.016382
0.013975
0.013385
0.012847
0.012705
0.012086
0.011535
0.011317
0.010384
0.008651
0.007351
0.007013
0.006751
0.006486
0.005305
0.004906
0.004698
0.004244
0.002090
0.002031
0.000325
-0.000430
-0.002190
-0.002477
-0.002641
-0.003926
-0.004170
-0.004296
-0.004459
-0.005188
-0.005390
-0.011498
-0.011522
-0.011798
-0.012002
-0.012552
-0.012604
-0.013272
-0.013670
-0.013814
-0.015489
-0.017094
-0.019959
-0.020854
-0.021734
-0.022105
-0.022183
-0.022811
-0.023910
-0.025185
-0.025237
-0.027633
-0.028105
-0.028583
-0.028801
-0.028877
-0.030690
-0.032024
-0.033411
-0.033891
-0.033957
-0.035556
-0.035620
-0.037235
-0.037256
-0.038463
-0.038554
-0.039451
-0.041676
-0.041896
-0.042874
-0.043234
-0.047220
-0.047676
-0.048163
-0.048275
-0.048970
-0.048991
-0.049920
-0.053341
-0.053904
-0.054972
-0.057692
-0.060804
-0.060855
-0.061477
-0.061826
-0.061939
-0.063628
-0.063964
-0.064668
-0.064697
-0.066123
-0.066895
-0.067909
-0.068035
-0.068044
-0.070762
-0.070960
-0.071360
-0.071810
-0.072789
-0.074332
-0.074544
-0.074843
-0.075561
-0.076070
-0.076259
-0.076563
-0.076988
-0.077217
-0.077564
-0.077679
-0.077693
-0.078152
-0.080914
-0.081785
-0.082864
-0.083147
-0.083513
-0.083634
-0.084547
-0.085312
-0.086227
-0.088555
-0.088831
-0.089267
-0.091974
-0.093063
-0.095202
-0.096460
-0.098607
-0.099112
-0.099751
-0.101181
-0.101518
-0.101773
-0.101936
-0.102600
-0.103459
-0.105858
-0.107056
-0.107643
-0.107698
-0.108795
-0.111896
-0.111920
-0.113878
-0.114189
-0.115796
-0.116612
-0.116780
-0.118373
-0.118491
-0.118526
-0.119230
-0.119892
-0.120303
-0.121548
-0.123486
-0.126086
-0.126133
-0.126717
-0.126799
-0.126907
-0.127024
-0.127153
-0.128430
-0.128843
-0.129287
-0.130453
-0.132485
-0.133874
-0.133983
-0.135970
-0.136260
-0.136554
-0.137072
-0.138004
-0.139226
-0.140464
-0.140853
-0.141181
-0.141482
-0.141918
-0.142487
-0.143188
-0.143336
-0.143478
-0.143545
-0.143576
-0.145075
-0.145285
-0.147063
-0.147131
-0.147641
-0.149774
-0.151429
-0.151633
-0.158726
-0.159027
-0.159407
-0.159955
-0.160678
-0.161953
-0.165351
-0.166818
-0.167539
-0.167617
-0.167917
-0.168868
-0.171321
-0.171326
-0.172300
-0.173967
-0.176736
-0.177011
-0.179782
-0.180272
-0.180703
-0.180864
-0.183146
-0.183150
-0.184368
-0.187838
-0.190790
-0.191247
-0.191693
-0.192608
-0.194768
-0.194864
-0.194898
-0.195575
-0.195788
-0.195998
-0.196469
-0.196847
-0.197080
-0.198052
-0.199124
-0.199232
-0.199790
-0.199992
-0.202707
-0.202830
-0.203371
-0.203637
-0.203646
-0.206414
-0.207308
-0.207803
-0.210073
-0.212048
-0.212139
-0.212158
-0.213369
-0.213372
-0.213810
-0.214598
-0.215077
-0.215663
-0.217434
-0.217959
-0.219368
-0.220035
-0.221444
-0.222908
-0.223414
-0.223632
-0.224199
-0.225589
-0.226550
-0.227374
-0.228572
-0.229332
-0.230133
-0.230205
-0.230869
-0.232313
-0.233604
-0.235759
-0.237604
-0.237738
-0.237815
-0.238887
-0.239114
-0.240502
-0.240852
-0.240972
-0.241079
-0.245472
-0.246041
-0.246238
-0.246281
-0.246582
-0.250328
-0.250394
-0.251470
-0.252037
-0.252568
-0.254045
-0.254388
-0.254507
-0.255412
-0.256984
-0.257389
-0.258190
-0.260881
-0.264472
-0.265697
-0.266660
-0.266838
-0.268317
-0.268915
-0.269191
-0.269331
-0.269817
-0.270374
-0.271781
-0.271966
-0.272013
-0.272495
-0.273997
-0.274202
-0.274390
-0.274399
-0.277280
-0.279950
-0.280277
-0.281260
-0.281628
-0.283035
-0.283367
-0.284933
-0.285068
-0.285736
-0.287363
-0.288506
-0.288910
-0.288967
-0.290021
-0.291324
-0.291331
-0.292046
-0.292189
-0.292248
-0.292386
-0.292640
-0.292963
-0.295065
-0.295558
-0.295924
-0.298217
-0.299144
-0.299480
-0.299889
-0.300419
-0.303310
-0.304464
-0.305515
-0.307028
-0.307344
-0.307518
-0.309286
-0.309453
-0.312011
-0.313321
-0.313585
-0.314454
-0.315776
-0.316554
-0.317230
-0.317983
-0.319352
-0.320266
-0.321084
-0.321414
-0.323869
-0.325653
-0.326950
-0.329251
-0.329363
-0.329668
-0.330148