100 1
0.659346
0.632891
0.631447
0.629749
0.601169
0.568620
0.561010
0.519971
0.519765
0.509546
0.487266
0.480441
0.467567
0.465112
0.461244
0.461157
0.448482
0.439428
0.432911
0.425238
0.413888
0.393864
0.385283
0.373207
0.371653
0.350858
0.341162
0.302502
0.302004
0.298929
0.295539
0.294726
0.290284
0.287276
0.259692
0.246524
0.246393
0.228175
0.225960
0.223558
0.223283
0.218525
0.179854
0.172602
0.171973
0.148010
0.144405
0.142577
0.139026
0.123240
0.113774
0.110623
0.110390
0.109139
0.091923
0.087877
0.075973
0.074861
0.036469
0.032938
0.032258
0.032199
0.031275
0.030589
0.020631
0.011783
-0.007800
-0.008424
-0.011182
-0.015465
-0.040050
-0.043145
-0.044867
-0.053708
-0.058465
-0.071675
-0.081008
-0.081880
-0.082592
-0.090017
-0.103827
-0.107735
-0.112585
-0.159031
-0.159835
-0.169783
-0.171870
-0.179277
-0.188894
-0.193308
-0.195070
-0.195391
-0.207919
-0.211926
-0.229223
-0.254076
-0.260242
-0.260894
-0.281120
-0.289485