100 1
-0.114887
0.080796
0.087445
0.094821
0.158669
0.142139
0.131418
0.066470
0.066185
0.053280
0.035693
0.033741
0.034918
0.035884
0.037897
0.037949
0.048803
0.060479
0.070863
0.085150
0.110175
0.164577
0.191382
0.232036
0.237486
0.314120
0.351526
0.501892
0.503769
0.515323
0.527918
0.530917
0.547124
0.557926
0.648491
0.685015
0.685355
0.727012
0.731318
0.735793
0.736293
0.744501
0.779346
0.779314
0.779212
0.763636
0.759353
0.756992
0.752048
0.724484
0.703793
0.696255
0.695684
0.692595
0.645351
0.633060
0.594610
0.590855
0.449209
0.435422
0.432758
0.432530
0.428910
0.426221
0.387103
0.352436
0.277575
0.275257
0.265083
0.249507
0.166987
0.157602
0.152493
0.127592
0.115170
0.084540
0.066560
0.065042
0.063824
0.052247
0.036310
0.033136
0.030017
0.042556
0.043349
0.054274
0.056794
0.066203
0.079052
0.084979
0.087319
0.087744
0.103271
0.107576
0.119484
0.103626
0.090557
0.088907
0.007454
-0.046745