1000 1
-0.117225
-0.116643
-0.108490
-0.083731
-0.068737
-0.066865
-0.062054
-0.035861
-0.026728
-0.011018
-0.005360
-0.004200
-0.002605
0.000422
0.004866
0.008957
0.010136
0.017604
0.023345
0.027743
0.033706
0.033966
0.049687
0.056038
0.056103
0.056996
0.059842
0.066833
0.071818
0.075715
0.075817
0.077640
0.084027
0.085508
0.091277
0.107585
0.108399
0.109294
0.111595
0.111900
0.112495
0.113823
0.118173
0.120974
0.121120
0.123605
0.124793
0.125761
0.125927
0.126241
0.127475
0.127509
0.127560
0.127769
0.127772
0.128039
0.128080
0.127242
0.126995
0.126888
0.126771
0.126346
0.125728
0.125588
0.124967
0.124769
0.124380
0.123579
0.123563
0.123312
0.122169
0.122057
0.121616
0.118180
0.117553
0.114603
0.112796
0.112362
0.111985
0.109930
0.109581
0.109373
0.107233
0.104141
0.099484
0.099431
0.098921
0.098102
0.096789
0.094718
0.093627
0.093458
0.092712
0.088431
0.088059
0.087937
0.086670
0.085988
0.080550
0.079799
0.078829
0.078138
0.076686
0.076046
0.075447
0.070897
0.069139
0.068857
0.064289
0.063923
0.063740
0.062692
0.061777
0.060764
0.060383
0.059695
0.059683
0.058953
0.057488
0.055068
0.053076
0.052736
0.052312
0.051622
0.051270
0.050795
0.048892
0.047640
0.046367
0.045830
0.045093
0.044634
0.044229
0.042523
0.040549
0.039910
0.038830
0.038271
0.037574
0.036980
0.036323
0.036108
0.035682
0.032685
0.031040
0.029635
0.029377
0.029090
0.027967
0.027775
0.026446
0.025864
0.025509
0.023782
0.022845
0.021566
0.021301
0.020459
0.020214
0.019843
0.019697
0.019440
0.019431
0.019420
0.019417
0.018876
0.018419
0.018224
0.018222
0.018188
0.018176
0.018158
0.018232
0.018271
0.018297
0.018309
0.018365
0.018731
0.018973
0.019266
0.019287
0.019472
0.019964
0.020708
0.021199
0.021985
0.022153
0.022319
0.022633
0.023269
0.023469
0.024289
0.025394
0.025645
0.026389
0.026856
0.027425
0.028881
0.029033
0.030209
0.030402
0.030530
0.030584
0.031429
0.031748
0.031859
0.032068
0.034458
0.036257
0.036719
0.036752
0.045173
0.046686
0.049173
0.050437
0.051964
0.053667
0.055791
0.059205
0.059815
0.061590
0.062595
0.066690
0.066834
0.066918
0.069282
0.069441
0.070214
0.071115
0.080037
0.094257
0.096796
0.100899
0.102498
0.103126
0.106695
0.109286
0.112249
0.113397
0.114281
0.116563
0.117654
0.117730
0.120666
0.121339
0.121860
0.122657
0.126368
0.128416
0.134684
0.141486
0.142151
0.144542
0.146885
0.148527
0.149443
0.151347
0.159969
0.166001
0.167995
0.169671
0.171634
0.175961
0.177314
0.189558
0.194566
0.198974
0.205906
0.210041
0.210291
0.212312
0.214990
0.216974
0.217407
0.218285
0.223485
0.226126
0.229992
0.233602
0.235323
0.236334
0.237717
0.240766
0.243569
0.244468
0.247665
0.248842
0.249588
0.250320
0.250596
0.254662
0.256103
0.258521
0.259486
0.262505
0.263797
0.268748
0.271567
0.273014
0.273949
0.274960
0.277354
0.281004
0.282319
0.283557
0.286715
0.287793
0.293768
0.294043
0.295341
0.298814
0.302911
0.309305
0.313099
0.318206
0.321344
0.325970
0.328057
0.333819
0.334431
0.337830
0.347155
0.349248
0.351594
0.353955
0.358662
0.369918
0.372652
0.372763
0.382444
0.388292
0.388643
0.396079
0.397706
0.401404
0.405311
0.410172
0.411442
0.413297
0.415749
0.418354
0.418804
0.420688
0.422157
0.422925
0.427476
0.429124
0.431534
0.433162
0.434124
0.437027
0.438991
0.440177
0.440456
0.452868
0.455655
0.457407
0.460319
0.461818
0.462544
0.466717
0.473679
0.477467
0.479826
0.484959
0.488933
0.491042
0.497897
0.499351
0.502843
0.510939
0.515741
0.518547
0.528406
0.531160
0.531595
0.538795
0.542905
0.543744
0.544285
0.546972
0.547443
0.550304
0.553378
0.553378
0.554707
0.557124
0.558464
0.561859
0.564508
0.568723
0.580088
0.583668
0.584110
0.585164
0.586381
0.597592
0.600603
0.602580
0.603298
0.608096
0.614120
0.615282
0.619075
0.619983
0.620132
0.620263
0.623551
0.624667
0.625596
0.625727
0.626698
0.628201
0.632219
0.636237
0.640606
0.641277
0.648611
0.649130
0.649886
0.650075
0.657663
0.668191
0.674771
0.677340
0.680201
0.680903
0.681148
0.683906
0.684862
0.692911
0.700460
0.704747
0.713364
0.714136
0.715297
0.720078
0.723873
0.724582
0.724852
0.727161
0.727174
0.727362
0.728181
0.729053
0.729080
0.730439
0.734420
0.734512
0.735162
0.736760
0.736880
0.739275
0.743208
0.743971
0.744984
0.746143
0.746342
0.747791
0.749046
0.749673
0.752093
0.752375
0.757334
0.758911
0.761010
0.762019
0.762245
0.763217
0.763775
0.767928
0.768434
0.768471
0.769895
0.770009
0.770074
0.770224
0.770253
0.770255
0.770303
0.770353
0.770401
0.770394
0.770386
0.770333
0.770151
0.770091
0.770037
0.769618
0.769065
0.768470
0.767817
0.767444
0.767366
0.767333
0.767308
0.767184
0.767078
0.766165
0.766152
0.766088
0.765211
0.764959
0.763679
0.763246
0.762398
0.761198
0.760697
0.759127
0.758338
0.758206
0.758135
0.756661
0.756053
0.752153
0.751660
0.750561
0.749061
0.748368
0.747741
0.746899
0.744803
0.743541
0.742525
0.742523
0.735558
0.731543
0.731010
0.730886
0.730439
0.729861
0.726629
0.726096
0.724656
0.724027
0.718897
0.717212
0.715794
0.713498
0.713176
0.710256
0.702247
0.701013
0.700768
0.691408
0.687122
0.683898
0.683152
0.679590
0.678666
0.673729
0.671485
0.670408
0.667061
0.666269
0.664740
0.661242
0.654610
0.654602
0.654190
0.649033
0.645340
0.643600
0.641379
0.641312
0.635296
0.633747
0.627502
0.625615
0.625209
0.625011
0.616535
0.615597
0.614299
0.611267
0.606900
0.601566
0.594194
0.592248
0.590677
0.577775
0.571772
0.547035
0.542480
0.537916
0.532072
0.529201
0.527651
0.525875
0.523545
0.523049
0.521492
0.515735
0.510047
0.507982
0.507191
0.506620
0.506385
0.501231
0.491843
0.490894
0.490751
0.488760
0.487315
0.486524
0.473728
0.471812
0.457765
0.452830
0.450429
0.448030
0.443594
0.435320
0.434569
0.428791
0.422879
0.419176
0.410240
0.408047
0.406046
0.405517
0.403216
0.401169
0.400356
0.396887
0.390436
0.385599
0.384342
0.383370
0.382384
0.377990
0.376504
0.375734
0.374043
0.366041
0.365822
0.359490
0.356693
0.350175
0.349115
0.348507
0.343761
0.342859
0.342393
0.341793
0.339105
0.338362
0.315964
0.315878
0.314873
0.314127
0.312126
0.311937
0.309508
0.308065
0.307542
0.301477
0.295688
0.285416
0.282225
0.279098
0.277779
0.277502
0.275280
0.271395
0.266911
0.266729
0.258354
0.256713
0.255055
0.254299
0.254036
0.247784
0.243210
0.238484
0.236857
0.236633
0.231237
0.231020
0.225613
0.225541
0.221529
0.221227
0.218262
0.210966
0.210249
0.207077
0.205911
0.193190
0.191752
0.190224
0.189874
0.187701
0.187637
0.184748
0.174275
0.172574
0.169371
0.161325
0.152328
0.152185
0.150413
0.149426
0.149105
0.144369
0.143434
0.141487
0.141407
0.137500
0.135406
0.132683
0.132346
0.132320
0.125158
0.124645
0.123609
0.122449
0.119945
0.116052
0.115522
0.114777
0.113000
0.111746
0.111283
0.110542
0.109506
0.108952
0.108114
0.107836
0.107804
0.106702
0.100201
0.098197
0.095746
0.095110
0.094289
0.094018
0.091992
0.090314
0.088331
0.083399
0.082825
0.081926
0.076461
0.074329
0.070251
0.067921
0.064063
0.063177
0.062069
0.059637
0.059074
0.058650
0.058380
0.057290
0.055903
0.052159
0.050360
0.049497
0.049417
0.047838
0.043594
0.043563
0.041055
0.040669
0.038726
0.037773
0.037580
0.035798
0.035669
0.035630
0.034874
0.034179
0.033755
0.032506
0.030669
0.028411
0.028372
0.027898
0.027832
0.027747
0.027654
0.027552
0.026576
0.026274
0.025954
0.025148
0.023856
0.023054
0.022994
0.021972
0.021834
0.021698
0.021464
0.021067
0.020591
0.020161
0.020037
0.019936
0.019847
0.019723
0.019571
0.019399
0.019365
0.019333
0.019318
0.019311
0.019018
0.018983
0.018745
0.018738
0.018691
0.018585
0.018606
0.018615
0.019744
0.019826
0.019935
0.020099
0.020330
0.020776
0.022198
0.022917
0.023293
0.023334
0.023495
0.024023
0.025500
0.025503
0.026134
0.027273
0.029323
0.029537
0.031796
0.032215
0.032588
0.032728
0.034779
0.034783
0.035925
0.039346
0.042442
0.042935
0.043420
0.044426
0.046854
0.046962
0.047002
0.047779
0.048025
0.048269
0.048816
0.049258
0.049531
0.050679
0.051960
0.052090
0.052763
0.053007
0.056340
0.056493
0.057167
0.057499
0.057510
0.061005
0.062147
0.062781
0.065707
0.068273
0.068391
0.068416
0.069995
0.069999
0.070570
0.071600
0.072225
0.072991
0.075303
0.075987
0.077820
0.078686
0.080507
0.082387
0.083033
0.083311
0.084033
0.085788
0.086992
0.088015
0.089488
0.090414
0.091381
0.091468
0.092261
0.093963
0.095456
0.097875
0.099871
0.100013
0.100094
0.101213
0.101445
0.102843
0.103187
0.103305
0.103409
0.107402
0.107874
0.108035
0.108071
0.108313
0.111067
0.111111
0.111799
0.112143
0.112453
0.113249
0.113420
0.113479
0.113900
0.114538
0.114684
0.114946
0.115584
0.115804
0.115703
0.115557
0.115523
0.115164
0.114977
0.114882
0.114832
0.114648
0.114417
0.113733
0.113633
0.113607
0.113332
0.112360
0.112213
0.112077
0.112070
0.109617
0.106725
0.106328
0.105077
0.104586
0.102593
0.102096
0.099605
0.099379
0.098235
0.095261
0.093006
0.092176
0.092058
0.089806
0.086850
0.086834
0.085132
0.084786
0.084641
0.084303
0.083675
0.082865
0.077297
0.075915
0.074872
0.067945
0.064960
0.063847
0.062478
0.060666
0.050129
0.045602
0.041314
0.034860
0.033469
0.032694
0.024588
0.023799
0.011149
0.004260
0.002843
-0.001919
-0.009409
-0.013948
-0.017983
-0.022572
-0.031175
-0.037100
-0.042541
-0.044768
-0.061992
-0.075238
-0.085267
-0.103894
-0.104827
-0.107391
-0.111460