1000 1
0.541620
0.541534
0.540331
0.536779
0.534711
0.534457
0.533811
0.530432
0.529317
0.527485
0.526855
0.526728
0.526555
0.526230
0.525762
0.525342
0.525223
0.524490
0.523953
0.523559
0.523050
0.523029
0.521852
0.521454
0.521450
0.521398
0.521240
0.520903
0.520712
0.520594
0.520592
0.520548
0.520455
0.520448
0.520484
0.521341
0.521427
0.521528
0.521823
0.521866
0.521954
0.522166
0.523055
0.523859
0.523908
0.524903
0.525533
0.526172
0.526299
0.526556
0.527958
0.528014
0.528101
0.528509
0.528517
0.529331
0.530894
0.533174
0.533587
0.533752
0.533927
0.534514
0.535268
0.535427
0.536093
0.536294
0.536675
0.537412
0.537426
0.537646
0.538596
0.538685
0.539028
0.541458
0.541865
0.543668
0.544699
0.544940
0.545147
0.546248
0.546430
0.546538
0.547623
0.549121
0.551245
0.551268
0.551492
0.551848
0.552411
0.553281
0.553729
0.553798
0.554101
0.555787
0.555930
0.555977
0.556458
0.556713
0.558684
0.558947
0.559283
0.559520
0.560013
0.560228
0.560427
0.561897
0.562443
0.562530
0.563890
0.563995
0.564048
0.564346
0.564602
0.564883
0.564987
0.565174
0.565177
0.565373
0.565759
0.566376
0.566864
0.566945
0.567046
0.567208
0.567289
0.567399
0.567824
0.568093
0.568357
0.568466
0.568612
0.568701
0.568779
0.569093
0.569431
0.569534
0.569700
0.569782
0.569880
0.569960
0.570044
0.570071
0.570122
0.570422
0.570535
0.570596
0.570603
0.570609
0.570617
0.570615
0.570576
0.570542
0.570516
0.570313
0.570138
0.569790
0.569697
0.569335
0.569204
0.568978
0.568877
0.568679
0.568671
0.568662
0.568660
0.568109
0.567344
0.566702
0.566694
0.566483
0.566381
0.566097
0.565160
0.564961
0.564844
0.564792
0.564577
0.563555
0.563031
0.562472
0.562435
0.562115
0.561335
0.560287
0.559653
0.558704
0.558511
0.558321
0.557969
0.557278
0.557066
0.556222
0.555134
0.554894
0.554194
0.553764
0.553248
0.551964
0.551832
0.550831
0.550669
0.550562
0.550518
0.549818
0.549557
0.549466
0.549297
0.547395
0.546006
0.545654
0.545630
0.539509
0.538455
0.536746
0.535887
0.534859
0.533722
0.532318
0.530091
0.529696
0.528555
0.527912
0.525317
0.525226
0.525173
0.523693
0.523594
0.523113
0.522553
0.517089
0.508614
0.507126
0.504735
0.503807
0.503443
0.501383
0.499894
0.498197
0.497542
0.497038
0.495739
0.495120
0.495077
0.493413
0.493033
0.492739
0.492289
0.490199
0.489050
0.485546
0.481767
0.481399
0.480076
0.478782
0.477878
0.477373
0.476326
0.471601
0.468312
0.467228
0.466317
0.465251
0.462907
0.462175
0.455573
0.452884
0.450521
0.446814
0.444607
0.444474
0.443396
0.441970
0.440913
0.440683
0.440216
0.437451
0.436049
0.433998
0.432084
0.431172
0.430637
0.429905
0.428291
0.426809
0.426334
0.424644
0.424022
0.423628
0.423242
0.423096
0.420950
0.420189
0.418914
0.418405
0.416813
0.416132
0.413524
0.412040
0.411278
0.410785
0.410253
0.408993
0.407072
0.406381
0.405729
0.404069
0.403502
0.400360
0.400215
0.399533
0.397707
0.395554
0.392193
0.390199
0.387514
0.385865
0.383433
0.382336
0.379305
0.378983
0.377194
0.372286
0.371183
0.369948
0.368703
0.366222
0.360282
0.358837
0.358779
0.353659
0.350562
0.350376
0.346432
0.345568
0.343604
0.341527
0.338939
0.338262
0.337274
0.335967
0.334577
0.334336
0.333331
0.332546
0.332135
0.329701
0.328819
0.327528
0.326655
0.326139
0.324582
0.323527
0.322890
0.322740
0.316054
0.314548
0.313601
0.312026
0.311214
0.310820
0.308556
0.304771
0.302706
0.301419
0.298612
0.296434
0.295276
0.291505
0.290704
0.288776
0.284290
0.281620
0.280056
0.274539
0.272991
0.272747
0.268685
0.266356
0.265880
0.265573
0.264045
0.263777
0.262146
0.260390
0.260390
0.259629
0.258244
0.257474
0.255521
0.253993
0.251554
0.244928
0.242825
0.242565
0.241945
0.241227
0.234570
0.232767
0.231580
0.231149
0.228253
0.224591
0.223881
0.221557
0.220998
0.220907
0.220826
0.218797
0.218106
0.217530
0.217449
0.216846
0.215911
0.213399
0.210871
0.208103
0.207676
0.202973
0.202638
0.202149
0.202026
0.197075
0.190067
0.185595
0.183827
0.181844
0.181355
0.181184
0.179251
0.178577
0.172821
0.167270
0.164043
0.157365
0.156752
0.155827
0.151951
0.148794
0.148195
0.147967
0.145993
0.145982
0.145820
0.145111
0.144351
0.144328
0.143133
0.139555
0.139470
0.138873
0.137391
0.137278
0.135009
0.131148
0.130377
0.129342
0.128139
0.127931
0.126394
0.125034
0.124344
0.121607
0.121280
0.115164
0.113039
0.110027
0.108482
0.108126
0.106549
0.105602
0.097017
0.095621
0.095512
0.090135
0.089482
0.089074
0.087946
0.087683
0.087658
0.087165
0.086521
0.083803
0.083584
0.083404
0.082573
0.080950
0.080556
0.080233
0.078302
0.076474
0.074925
0.073508
0.072788
0.072645
0.072584
0.072539
0.072316
0.072130
0.070655
0.070635
0.070539
0.069302
0.068970
0.067413
0.066928
0.066029
0.064854
0.064393
0.063041
0.062408
0.062305
0.062250
0.061150
0.060720
0.058227
0.057940
0.057319
0.056511
0.056152
0.055834
0.055418
0.054430
0.053866
0.053426
0.053425
0.050720
0.049362
0.049192
0.049152
0.049011
0.048830
0.047861
0.047708
0.047302
0.047128
0.045791
0.045380
0.045044
0.044519
0.044447
0.043814
0.042232
0.042007
0.041963
0.040400
0.039758
0.039302
0.039200
0.038726
0.038607
0.037999
0.037737
0.037615
0.037245
0.037160
0.036999
0.036643
0.036016
0.036015
0.035978
0.035531
0.035231
0.035095
0.034926
0.034921
0.034489
0.034384
0.033981
0.033867
0.033842
0.033831
0.033356
0.033307
0.033240
0.033089
0.032882
0.032648
0.032352
0.032280
0.032222
0.031803
0.031635
0.031100
0.031024
0.030955
0.030876
0.030840
0.030821
0.030801
0.030775
0.030770
0.030753
0.030698
0.030650
0.030634
0.030628
0.030624
0.030622
0.030587
0.030534
0.030529
0.030528
0.030519
0.030512
0.030509
0.030462
0.030456
0.030422
0.030413
0.030408
0.030404
0.030397
0.030383
0.030381
0.030371
0.030360
0.030352
0.030330
0.030323
0.030317
0.030316
0.030308
0.030301
0.030298
0.030285
0.030258
0.030233
0.030227
0.030221
0.030216
0.030189
0.030180
0.030174
0.030163
0.030102
0.030100
0.030043
0.030015
0.029944
0.029932
0.029925
0.029865
0.029853
0.029847
0.029839
0.029802
0.029791
0.029397
0.029395
0.029374
0.029358
0.029314
0.029310
0.029255
0.029221
0.029209
0.029057
0.028900
0.028587
0.028480
0.028371
0.028324
0.028314
0.028232
0.028083
0.027902
0.027895
0.027527
0.027450
0.027371
0.027335
0.027322
0.027006
0.026759
0.026490
0.026394
0.026380
0.026047
0.026033
0.025678
0.025673
0.025394
0.025372
0.025157
0.024597
0.024540
0.024280
0.024182
0.023028
0.022887
0.022735
0.022700
0.022478
0.022471
0.022168
0.020986
0.020781
0.020385
0.019325
0.018023
0.018001
0.017728
0.017574
0.017524
0.016756
0.016600
0.016269
0.016255
0.015568
0.015187
0.014677
0.014613
0.014608
0.013180
0.013073
0.012855
0.012608
0.012062
0.011179
0.011055
0.010880
0.010456
0.010151
0.010037
0.009854
0.009594
0.009454
0.009240
0.009168
0.009160
0.008874
0.007099
0.006521
0.005790
0.005597
0.005345
0.005261
0.004623
0.004081
0.003423
0.001700
0.001491
0.001159
-0.000958
-0.001836
-0.003607
-0.004677
-0.006553
-0.007004
-0.007578
-0.008885
-0.009197
-0.009434
-0.009586
-0.010210
-0.011025
-0.013357
-0.014553
-0.015145
-0.015201
-0.016323
-0.019589
-0.019615
-0.021749
-0.022093
-0.023893
-0.024823
-0.025016
-0.026860
-0.026998
-0.027040
-0.027869
-0.028655
-0.029147
-0.030651
-0.033039
-0.036329
-0.036390
-0.037143
-0.037250
-0.037390
-0.037542
-0.037710
-0.039384
-0.039930
-0.040521
-0.042087
-0.044863
-0.046799
-0.046952
-0.049774
-0.050190
-0.050614
-0.051364
-0.052724
-0.054527
-0.056377
-0.056963
-0.057460
-0.057916
-0.058580
-0.059450
-0.060531
-0.060760
-0.060979
-0.061084
-0.061131
-0.063473
-0.063805
-0.066633
-0.066743
-0.067564
-0.071039
-0.073784
-0.074124
-0.086377
-0.086913
-0.087593
-0.088576
-0.089880
-0.092200
-0.098496
-0.101267
-0.102641
-0.102790
-0.103364
-0.105193
-0.109968
-0.109976
-0.111896
-0.115213
-0.120807
-0.121369
-0.127082
-0.128104
-0.129006
-0.129342
-0.134158
-0.134167
-0.136766
-0.144272
-0.150779
-0.151797
-0.152792
-0.154840
-0.159715
-0.159930
-0.160009
-0.161550
-0.162034
-0.162515
-0.163592
-0.164457
-0.164991
-0.167228
-0.169708
-0.169958
-0.171255
-0.171723
-0.178083
-0.178374
-0.179650
-0.180280
-0.180300
-0.186889
-0.189033
-0.190222
-0.195709
-0.200522
-0.200745
-0.200792
-0.203760
-0.203768
-0.204843
-0.206785
-0.207966
-0.209416
-0.213811
-0.215117
-0.218635
-0.220307
-0.223846
-0.227536
-0.228812
-0.229363
-0.230800
-0.234326
-0.236770
-0.238870
-0.241926
-0.243870
-0.245921
-0.246107
-0.247809
-0.251516
-0.254839
-0.260393
-0.265160
-0.265507
-0.265707
-0.268480
-0.269066
-0.272661
-0.273566
-0.273879
-0.274155
-0.285539
-0.287014
-0.287524
-0.287635
-0.288414
-0.298107
-0.298278
-0.301056
-0.302520
-0.303890
-0.307694
-0.308574
-0.308881
-0.311207
-0.315236
-0.316273
-0.318320
-0.325172
-0.334239
-0.337310
-0.339715
-0.340158
-0.343833
-0.345313
-0.345993
-0.346340
-0.347538
-0.348907
-0.352353
-0.352804
-0.352919
-0.354091
-0.357732
-0.358228
-0.358680
-0.358701
-0.365588
-0.371866
-0.372629
-0.374906
-0.375755
-0.378981
-0.379737
-0.383281
-0.383584
-0.385078
-0.388686
-0.391190
-0.392069
-0.392192
-0.394467
-0.397250
-0.397264
-0.398774
-0.399075
-0.399199
-0.399489
-0.400020
-0.400694
-0.405023
-0.406023
-0.406760
-0.411313
-0.413113
-0.413762
-0.414545
-0.415555
-0.420922
-0.422996
-0.424851
-0.427461
-0.427997
-0.428292
-0.431222
-0.431493
-0.435531
-0.437513
-0.437903
-0.439174
-0.441055
-0.442129
-0.443044
-0.444043
-0.445801
-0.446931
-0.447915
-0.448303
-0.451048
-0.452876
-0.454114
-0.456115
-0.456206
-0.456451
-0.456827