100 1
0.546065
0.519947
0.519407
0.518867
0.521790
0.539736
0.544395
0.563042
0.563091
0.564777
0.563031
0.560905
0.554793
0.553315
0.550783
0.550723
0.540688
0.531944
0.524865
0.515718
0.500664
0.470090
0.455610
0.434055
0.431192
0.391284
0.371894
0.292738
0.291724
0.285459
0.278582
0.276937
0.267990
0.261969
0.208865
0.185267
0.185038
0.154807
0.151340
0.147634
0.147214
0.140057
0.090843
0.083466
0.082855
0.062856
0.060394
0.059200
0.056980
0.048675
0.044853
0.043761
0.043684
0.043277
0.038962
0.038267
0.036821
0.036728
0.036298
0.036397
0.036416
0.036418
0.036443
0.036462
0.036687
0.036734
0.035819
0.035758
0.035460
0.034899
0.028854
0.027691
0.026999
0.022928
0.020356
0.011697
0.004143
0.003373
0.002736
-0.004352
-0.019777
-0.024687
-0.031117
-0.111496
-0.113172
-0.134590
-0.139240
-0.156139
-0.178896
-0.189600
-0.193910
-0.194699
-0.225841
-0.235908
-0.279208
-0.337377
-0.350261
-0.351575
-0.386193
-0.396174