100 1
0.242232
0.130950
0.125735
0.119710
0.036556
-0.017400
-0.024044
-0.024117
-0.023975
-0.015313
0.013955
0.025523
0.050315
0.055454
0.063804
0.063994
0.093390
0.116091
0.133206
0.154100
0.186262
0.245760
0.271972
0.309208
0.314013
0.378025
0.407361
0.516875
0.518176
0.526154
0.534797
0.536846
0.547869
0.555166
0.615024
0.638609
0.638827
0.665465
0.668210
0.671063
0.671382
0.676617
0.699462
0.699742
0.699706
0.691211
0.688741
0.687371
0.684485
0.668123
0.655616
0.651020
0.650671
0.648781
0.619471
0.611724
0.587158
0.584732
0.489202
0.479428
0.477529
0.477366
0.474778
0.472851
0.444363
0.418329
0.359002
0.357084
0.348600
0.335388
0.259597
0.250158
0.244924
0.218317
0.204220
0.166095
0.140283
0.137926
0.136011
0.116447
0.082340
0.073287
0.062460
-0.014047
-0.014872
-0.023476
-0.024897
-0.028821
-0.031231
-0.031286
-0.031120
-0.031077
-0.026559
-0.023905
-0.005470
0.041697
0.057306
0.059050
0.121980
0.153064