1000 1
0.207928
0.207666
0.203973
0.192410
0.185128
0.184202
0.181807
0.168287
0.163362
0.154596
0.151337
0.150662
0.149730
0.147948
0.145298
0.142824
0.142105
0.137475
0.133826
0.130973
0.127022
0.126847
0.115881
0.111194
0.111145
0.110472
0.108304
0.102810
0.098732
0.095437
0.095350
0.093772
0.088046
0.086670
0.081105
0.062914
0.061867
0.060694
0.057563
0.057135
0.056288
0.054348
0.047359
0.042118
0.041822
0.036268
0.033120
0.030150
0.029589
0.028467
0.022810
0.022599
0.022274
0.020771
0.020744
0.017896
0.012882
0.006448
0.005380
0.004957
0.004516
0.003069
0.001279
0.000911
-0.000594
-0.001036
-0.001864
-0.003414
-0.003443
-0.003894
-0.005776
-0.005948
-0.006602
-0.010895
-0.011557
-0.014319
-0.015773
-0.016099
-0.016376
-0.017786
-0.018010
-0.018141
-0.019409
-0.021001
-0.022943
-0.022962
-0.023145
-0.023427
-0.023850
-0.024451
-0.024735
-0.024777
-0.024957
-0.025805
-0.025864
-0.025883
-0.026066
-0.026153
-0.026596
-0.026622
-0.026643
-0.026649
-0.026640
-0.026625
-0.026606
-0.026287
-0.026080
-0.026043
-0.025260
-0.025183
-0.025143
-0.024907
-0.024686
-0.024425
-0.024322
-0.024130
-0.024126
-0.023913
-0.023456
-0.022613
-0.021834
-0.021693
-0.021513
-0.021213
-0.021056
-0.020839
-0.019921
-0.019269
-0.018567
-0.018257
-0.017821
-0.017541
-0.017289
-0.016174
-0.014767
-0.014283
-0.013431
-0.012972
-0.012382
-0.011862
-0.011269
-0.011070
-0.010671
-0.007588
-0.005660
-0.003854
-0.003504
-0.003107
-0.001476
-0.001183
0.000965
0.001981
0.002627
0.006109
0.008298
0.011778
0.012595
0.015501
0.016459
0.018045
0.018721
0.020006
0.020056
0.020114
0.020129
0.023450
0.027627
0.030860
0.030899
0.031915
0.032401
0.033728
0.037913
0.038765
0.039263
0.039482
0.040386
0.044532
0.046575
0.048702
0.048842
0.050037
0.052887
0.056590
0.058772
0.061960
0.062600
0.063225
0.064373
0.066600
0.067276
0.069934
0.073290
0.074020
0.076128
0.077410
0.078935
0.082667
0.083045
0.085894
0.086349
0.086652
0.086776
0.088730
0.089454
0.089707
0.090175
0.095354
0.099054
0.099980
0.100046
0.115601
0.118183
0.122318
0.124372
0.126813
0.129486
0.132755
0.137871
0.138769
0.141352
0.142798
0.148570
0.148771
0.148886
0.152133
0.152350
0.153398
0.154615
0.166278
0.183713
0.186702
0.191463
0.193297
0.194014
0.198054
0.200954
0.204235
0.205497
0.206465
0.208951
0.210132
0.210214
0.213372
0.214092
0.214647
0.215496
0.219419
0.221565
0.228052
0.234965
0.235633
0.238029
0.240362
0.241989
0.242893
0.244768
0.253147
0.258912
0.260801
0.262383
0.264228
0.268269
0.269526
0.280745
0.285261
0.289201
0.295339
0.298966
0.299185
0.300949
0.303276
0.304994
0.305368
0.306127
0.310596
0.312852
0.316140
0.319193
0.320643
0.321493
0.322654
0.325205
0.327541
0.328288
0.330939
0.331912
0.332528
0.333132
0.333359
0.336701
0.337881
0.339857
0.340643
0.343098
0.344146
0.348146
0.350412
0.351573
0.352322
0.353130
0.355042
0.357946
0.358989
0.359970
0.362466
0.363315
0.368007
0.368223
0.369238
0.371946
0.375128
0.380068
0.382983
0.386891
0.389282
0.392793
0.394371
0.398715
0.399175
0.401725
0.408678
0.410231
0.411967
0.413712
0.417179
0.425413
0.427402
0.427482
0.434486
0.438691
0.438943
0.444259
0.445419
0.448048
0.450818
0.454253
0.455149
0.456455
0.458178
0.460007
0.460323
0.461642
0.462669
0.463207
0.466381
0.467529
0.469204
0.470334
0.471002
0.473012
0.474370
0.475189
0.475382
0.483913
0.485819
0.487015
0.488999
0.490020
0.490514
0.493348
0.498059
0.500614
0.502202
0.505648
0.508309
0.509719
0.514287
0.515254
0.517572
0.522927
0.526091
0.527936
0.534394
0.536191
0.536475
0.541159
0.543825
0.544368
0.544718
0.546456
0.546760
0.548607
0.550588
0.550588
0.551444
0.552998
0.553859
0.556037
0.557734
0.560428
0.567663
0.569933
0.570213
0.570879
0.571650
0.578719
0.580610
0.581850
0.582300
0.585303
0.589063
0.589787
0.592147
0.592711
0.592803
0.592884
0.594925
0.595617
0.596193
0.596273
0.596874
0.597804
0.600287
0.602764
0.605451
0.605864
0.610359
0.610676
0.611139
0.611254
0.615883
0.622273
0.626247
0.627795
0.629516
0.629937
0.630085
0.631740
0.632313
0.637125
0.641616
0.644157
0.649240
0.649694
0.650375
0.653177
0.655394
0.655807
0.655964
0.657308
0.657315
0.657425
0.657900
0.658407
0.658422
0.659210
0.661512
0.661565
0.661940
0.662860
0.662929
0.664305
0.666554
0.666989
0.667566
0.668224
0.668337
0.669159
0.669868
0.670222
0.671582
0.671740
0.674499
0.675366
0.676509
0.677054
0.677176
0.677695
0.677992
0.680118
0.680359
0.680376
0.680982
0.681020
0.681039
0.681075
0.681079
0.681080
0.681084
0.681083
0.680977
0.680961
0.680947
0.680873
0.680681
0.680624
0.680575
0.680221
0.679791
0.679348
0.678877
0.678612
0.678557
0.678533
0.678516
0.678428
0.678354
0.677720
0.677711
0.677667
0.677067
0.676895
0.676031
0.675740
0.675175
0.674378
0.674047
0.673014
0.672497
0.672411
0.672364
0.671402
0.671006
0.668479
0.668161
0.667453
0.666487
0.666042
0.665639
0.665099
0.663755
0.662947
0.662298
0.662296
0.657852
0.655296
0.654957
0.654878
0.654594
0.654226
0.652171
0.651833
0.650918
0.650518
0.647261
0.646191
0.645290
0.643833
0.643628
0.641774
0.636689
0.635905
0.635749
0.629801
0.627074
0.625021
0.624546
0.622277
0.621688
0.618540
0.617108
0.616421
0.614282
0.613776
0.612799
0.610562
0.606314
0.606309
0.606045
0.602737
0.600365
0.599246
0.597818
0.597775
0.593901
0.592902
0.588871
0.587651
0.587389
0.587261
0.581773
0.581164
0.580322
0.578353
0.575515
0.572041
0.567228
0.565956
0.564928
0.556463
0.552510
0.536116
0.533078
0.530028
0.526113
0.524186
0.523144
0.521950
0.520382
0.520048
0.518999
0.515113
0.511263
0.509863
0.509325
0.508938
0.508779
0.505274
0.498867
0.498218
0.498121
0.496756
0.495766
0.495224
0.486416
0.485092
0.475341
0.471897
0.470217
0.468537
0.465424
0.459595
0.459064
0.454974
0.450774
0.448134
0.441740
0.440165
0.438725
0.438345
0.436687
0.435210
0.434623
0.432113
0.427431
0.423905
0.422987
0.422276
0.421555
0.418334
0.417243
0.416677
0.415433
0.409523
0.409361
0.404658
0.402573
0.397697
0.396901
0.396444
0.392872
0.392192
0.391840
0.391387
0.389354
0.388791
0.371656
0.371590
0.370813
0.370235
0.368685
0.368539
0.366652
0.365529
0.365122
0.360384
0.355835
0.347697
0.345151
0.342648
0.341589
0.341367
0.339580
0.336445
0.332809
0.332662
0.325820
0.324471
0.323106
0.322483
0.322265
0.317086
0.313271
0.309306
0.307935
0.307746
0.303176
0.302991
0.298378
0.298316
0.294870
0.294609
0.292048
0.285697
0.285070
0.282283
0.281256
0.269916
0.268619
0.267238
0.266920
0.264948
0.264890
0.262255
0.252585
0.250996
0.247990
0.240349
0.231647
0.231506
0.229771
0.228801
0.228486
0.223795
0.222863
0.220914
0.220834
0.216894
0.214765
0.211979
0.211633
0.211606
0.204168
0.203628
0.202538
0.201313
0.198652
0.194474
0.193902
0.193095
0.191161
0.189790
0.189282
0.188467
0.187325
0.186713
0.185783
0.185474
0.185439
0.184211
0.176865
0.174563
0.171719
0.170976
0.170016
0.169697
0.167306
0.165310
0.162929
0.156909
0.156198
0.155080
0.148169
0.145412
0.140036
0.136897
0.131586
0.130344
0.128778
0.125292
0.124474
0.123856
0.123461
0.121857
0.119791
0.114073
0.111245
0.109867
0.109739
0.107177
0.100027
0.099973
0.095532
0.094833
0.091238
0.089426
0.089054
0.085556
0.085299
0.085220
0.083689
0.082256
0.081369
0.078700
0.074595
0.069190
0.069092
0.067895
0.067726
0.067506
0.067267
0.067004
0.064414
0.063584
0.062693
0.060371
0.056384
0.053701
0.053492
0.049721
0.049178
0.048627
0.047663
0.045940
0.043705
0.041471
0.040776
0.040190
0.039657
0.038886
0.037886
0.036662
0.036405
0.036159
0.036042
0.035990
0.033419
0.033061
0.030080
0.029966
0.029124
0.025660
0.023038
0.022719
0.012191
0.011769
0.011239
0.010481
0.009492
0.007776
0.003389
0.001579
0.000708
0.000614
0.000256
-0.000865
-0.003653
-0.003658
-0.004724
-0.006494
-0.009279
-0.009545
-0.012117
-0.012552
-0.012929
-0.013068
-0.014972
-0.014976
-0.015936
-0.018454
-0.020340
-0.020611
-0.020870
-0.021383
-0.022503
-0.022549
-0.022566
-0.022888
-0.022986
-0.023082
-0.023293
-0.023457
-0.023556
-0.023954
-0.024362
-0.024401
-0.024598
-0.024668
-0.025485
-0.025517
-0.025652
-0.025716
-0.025718
-0.026255
-0.026380
-0.026439
-0.026617
-0.026646
-0.026645
-0.026644
-0.026600
-0.026600
-0.026573
-0.026510
-0.026463
-0.026395
-0.026126
-0.026028
-0.025722
-0.025556
-0.025160
-0.024683
-0.024502
-0.024422
-0.024206
-0.023634
-0.023203
-0.022809
-0.022200
-0.021789
-0.021336
-0.021294
-0.020902
-0.019999
-0.019135
-0.017572
-0.016114
-0.016003
-0.015939
-0.015033
-0.014837
-0.013597
-0.013274
-0.013162
-0.013063
-0.008634
-0.008013
-0.007795
-0.007748
-0.007413
-0.002987
-0.002904
-0.001543
-0.000809
-0.000113
0.001875
0.002347
0.002512
0.003782
0.006052
0.006651
0.007852
0.012048
0.018038
0.020184
0.021907
0.022229
0.024948
0.026069
0.026590
0.026856
0.027784
0.028856
0.031616
0.031984
0.032078
0.033041
0.036103
0.036527
0.036916
0.036934
0.043068
0.049013
0.049761
0.052023
0.052879
0.056199
0.056992
0.060789
0.061120
0.062768
0.066850
0.069776
0.070821
0.070969
0.073724
0.077188
0.077206
0.079132
0.079518
0.079679
0.080054
0.080745
0.081627
0.087465
0.088856
0.089893
0.096514
0.099242
0.100241
0.101457
0.103048
0.111891
0.115504
0.118837
0.123704
0.124731
0.125300
0.131125
0.131680
0.140320
0.144840
0.145754
0.148794
0.153471
0.156248
0.158681
0.161412
0.166430
0.169813
0.172872
0.174110
0.183456
0.190382
0.195490
0.204697
0.205149
0.206387
0.208340