100 1
0.458297
0.449033
0.448850
0.448676
0.451836
0.466420
0.470903
0.496535
0.496655
0.502317
0.511866
0.513787
0.515843
0.515983
0.516030
0.516028
0.514602
0.512039
0.509364
0.505301
0.497461
0.478314
0.468090
0.451770
0.449513
0.416187
0.398887
0.322409
0.321378
0.314986
0.307924
0.306228
0.296957
0.290678
0.234108
0.208493
0.208243
0.175292
0.171520
0.167491
0.167034
0.159271
0.107280
0.099903
0.099300
0.080595
0.078483
0.077480
0.075659
0.069495
0.067184
0.066620
0.066583
0.066389
0.065075
0.065080
0.065596
0.065675
0.069012
0.069163
0.069185
0.069187
0.069213
0.069229
0.069132
0.068424
0.064142
0.063934
0.062956
0.061243
0.046374
0.043846
0.042373
0.034042
0.029022
0.013068
0.000005
-0.001291
-0.002357
-0.013993
-0.038021
-0.045366
-0.054797
-0.160183
-0.162197
-0.187444
-0.192812
-0.212012
-0.237179
-0.248773
-0.253401
-0.254247
-0.287064
-0.297480
-0.341563
-0.400815
-0.414493
-0.415913
-0.457051
-0.472304