1000 1
0.480281
0.480239
0.479653
0.477866
0.476782
0.476647
0.476299
0.474407
0.473750
0.472624
0.472221
0.472139
0.472025
0.471811
0.471497
0.471209
0.471126
0.470604
0.470206
0.469904
0.469498
0.469480
0.468437
0.468030
0.468025
0.467969
0.467791
0.467363
0.467070
0.466848
0.466842
0.466741
0.466403
0.466329
0.466056
0.465514
0.465501
0.465489
0.465471
0.465470
0.465469
0.465473
0.465558
0.465700
0.465710
0.465947
0.466122
0.466316
0.466356
0.466440
0.466932
0.466952
0.466985
0.467140
0.467143
0.467465
0.468128
0.469184
0.469386
0.469468
0.469555
0.469851
0.470240
0.470323
0.470677
0.470785
0.470992
0.471399
0.471408
0.471531
0.472073
0.472124
0.472325
0.473797
0.474052
0.475220
0.475913
0.476078
0.476220
0.476988
0.477118
0.477195
0.477980
0.479101
0.480767
0.480785
0.480967
0.481258
0.481723
0.482456
0.482842
0.482902
0.483166
0.484678
0.484810
0.484853
0.485302
0.485543
0.487476
0.487745
0.488092
0.488339
0.488861
0.489091
0.489307
0.490957
0.491600
0.491704
0.493394
0.493531
0.493600
0.493992
0.494336
0.494719
0.494863
0.495124
0.495129
0.495407
0.495968
0.496903
0.497682
0.497815
0.497983
0.498256
0.498395
0.498584
0.499347
0.499854
0.500374
0.500595
0.500899
0.501090
0.501259
0.501976
0.502820
0.503096
0.503567
0.503813
0.504122
0.504388
0.504683
0.504780
0.504974
0.506367
0.507161
0.507857
0.507987
0.508133
0.508712
0.508813
0.509524
0.509845
0.510044
0.511050
0.511631
0.512483
0.512670
0.513302
0.513499
0.513813
0.513942
0.514180
0.514190
0.514200
0.514203
0.514776
0.515417
0.515856
0.515861
0.515989
0.516049
0.516206
0.516655
0.516737
0.516784
0.516805
0.516887
0.517222
0.517364
0.517496
0.517505
0.517571
0.517710
0.517851
0.517913
0.517977
0.517986
0.517993
0.518004
0.518014
0.518014
0.518002
0.517958
0.517944
0.517896
0.517861
0.517813
0.517670
0.517654
0.517518
0.517494
0.517478
0.517471
0.517361
0.517318
0.517303
0.517274
0.516919
0.516625
0.516546
0.516541
0.514924
0.514603
0.514059
0.513776
0.513427
0.513031
0.512526
0.511693
0.511541
0.511096
0.510840
0.509781
0.509743
0.509721
0.509094
0.509051
0.508844
0.508601
0.506129
0.501963
0.501194
0.499936
0.499441
0.499246
0.498129
0.497310
0.496366
0.495998
0.495714
0.494976
0.494622
0.494598
0.493639
0.493418
0.493247
0.492985
0.491757
0.491074
0.488962
0.486636
0.486407
0.485579
0.484764
0.484191
0.483870
0.483201
0.480141
0.477970
0.477247
0.476637
0.475921
0.474332
0.473833
0.469265
0.467370
0.465689
0.463024
0.461421
0.461323
0.460536
0.459489
0.458710
0.458540
0.458195
0.456141
0.455092
0.453550
0.452102
0.451410
0.451002
0.450443
0.449209
0.448069
0.447703
0.446397
0.445914
0.445609
0.445308
0.445195
0.443519
0.442924
0.441921
0.441521
0.440264
0.439724
0.437650
0.436463
0.435852
0.435457
0.435030
0.434014
0.432461
0.431900
0.431371
0.430017
0.429554
0.426977
0.426858
0.426295
0.424787
0.422999
0.420193
0.418518
0.416253
0.414855
0.412785
0.411848
0.409249
0.408972
0.407430
0.403172
0.402210
0.401130
0.400040
0.397859
0.392600
0.391313
0.391261
0.386675
0.383882
0.383714
0.380138
0.379351
0.377559
0.375658
0.373283
0.372660
0.371750
0.370543
0.369257
0.369035
0.368103
0.367375
0.366994
0.364730
0.363907
0.362701
0.361885
0.361402
0.359942
0.358952
0.358353
0.358212
0.351897
0.350467
0.349567
0.348066
0.347292
0.346916
0.344753
0.341121
0.339134
0.337893
0.335180
0.333069
0.331945
0.328274
0.327492
0.325608
0.321211
0.318584
0.317042
0.311584
0.310048
0.309805
0.305763
0.303440
0.302964
0.302657
0.301129
0.300861
0.299227
0.297465
0.297465
0.296702
0.295309
0.294535
0.292568
0.291027
0.288564
0.281852
0.279714
0.279450
0.278819
0.278088
0.271296
0.269452
0.268236
0.267794
0.264824
0.261063
0.260333
0.257940
0.257365
0.257270
0.257187
0.255096
0.254383
0.253788
0.253704
0.253082
0.252116
0.249521
0.246905
0.244038
0.243596
0.238717
0.238369
0.237861
0.237734
0.232587
0.225289
0.220626
0.218782
0.216712
0.216201
0.216023
0.214005
0.213301
0.207288
0.201488
0.198117
0.191143
0.190504
0.189538
0.185496
0.182205
0.181581
0.181343
0.179289
0.179276
0.179108
0.178370
0.177579
0.177555
0.176313
0.172596
0.172507
0.171888
0.170350
0.170234
0.167882
0.163887
0.163091
0.162022
0.160782
0.160567
0.158983
0.157583
0.156874
0.154062
0.153727
0.147473
0.145311
0.142253
0.140690
0.140330
0.138738
0.137783
0.129198
0.127814
0.127706
0.122413
0.121775
0.121376
0.120277
0.120020
0.119997
0.119517
0.118893
0.116266
0.116055
0.115882
0.115084
0.113532
0.113155
0.112848
0.111015
0.109291
0.107839
0.106518
0.105851
0.105718
0.105661
0.105620
0.105413
0.105242
0.103883
0.103865
0.103777
0.102645
0.102343
0.100930
0.100493
0.099685
0.098635
0.098225
0.097028
0.096472
0.096381
0.096333
0.095372
0.094998
0.092855
0.092611
0.092085
0.091404
0.091103
0.090838
0.090491
0.089674
0.089210
0.088851
0.088850
0.086678
0.085615
0.085482
0.085452
0.085343
0.085203
0.084462
0.084346
0.084039
0.083908
0.082916
0.082615
0.082371
0.081993
0.081942
0.081492
0.080396
0.080244
0.080214
0.079182
0.078772
0.078486
0.078423
0.078132
0.078060
0.077697
0.077544
0.077472
0.077260
0.077212
0.077121
0.076922
0.076582
0.076582
0.076562
0.076328
0.076175
0.076106
0.076022
0.076020
0.075809
0.075759
0.075571
0.075519
0.075508
0.075503
0.075291
0.075270
0.075241
0.075176
0.075089
0.074991
0.074870
0.074841
0.074817
0.074645
0.074574
0.074309
0.074262
0.074213
0.074149
0.074117
0.074099
0.074079
0.074051
0.074045
0.074027
0.073954
0.073878
0.073850
0.073838
0.073830
0.073827
0.073750
0.073597
0.073581
0.073578
0.073543
0.073516
0.073502
0.073243
0.073201
0.072855
0.072719
0.072649
0.072578
0.072440
0.072163
0.072136
0.071925
0.071694
0.071541
0.071147
0.071044
0.070949
0.070923
0.070810
0.070707
0.070666
0.070485
0.070133
0.069853
0.069778
0.069720
0.069660
0.069387
0.069292
0.069242
0.069132
0.068585
0.068570
0.068108
0.067895
0.067380
0.067293
0.067243
0.066844
0.066766
0.066726
0.066673
0.066436
0.066370
0.064164
0.064155
0.064046
0.063965
0.063745
0.063724
0.063452
0.063288
0.063228
0.062515
0.061803
0.060461
0.060023
0.059583
0.059394
0.059354
0.059032
0.058455
0.057769
0.057741
0.056396
0.056123
0.055843
0.055715
0.055670
0.054578
0.053748
0.052861
0.052548
0.052505
0.051441
0.051397
0.050287
0.050272
0.049420
0.049355
0.048708
0.047056
0.046889
0.046139
0.045859
0.042647
0.042265
0.041855
0.041760
0.041167
0.041149
0.040345
0.037283
0.036762
0.035764
0.033146
0.030018
0.029967
0.029324
0.028961
0.028843
0.027059
0.026699
0.025940
0.025908
0.024347
0.023488
0.022349
0.022207
0.022196
0.019060
0.018827
0.018355
0.017821
0.016650
0.014774
0.014513
0.014145
0.013255
0.012618
0.012382
0.012000
0.011462
0.011172
0.010730
0.010583
0.010566
0.009978
0.006376
0.005216
0.003763
0.003380
0.002882
0.002716
0.001464
0.000405
-0.000873
-0.004181
-0.004578
-0.005207
-0.009183
-0.010812
-0.014062
-0.016005
-0.019374
-0.020176
-0.021195
-0.023499
-0.024046
-0.024461
-0.024727
-0.025814
-0.027228
-0.031234
-0.033266
-0.034268
-0.034362
-0.036249
-0.041673
-0.041715
-0.045207
-0.045766
-0.048677
-0.050169
-0.050478
-0.053417
-0.053635
-0.053702
-0.055013
-0.056251
-0.057023
-0.059375
-0.063076
-0.068112
-0.068204
-0.069347
-0.069509
-0.069720
-0.069950
-0.070204
-0.072725
-0.073544
-0.074427
-0.076758
-0.080858
-0.083690
-0.083913
-0.088003
-0.088603
-0.089213
-0.090289
-0.092233
-0.094798
-0.097412
-0.098237
-0.098935
-0.099574
-0.100504
-0.101719
-0.103222
-0.103540
-0.103844
-0.103990
-0.104054
-0.107290
-0.107746
-0.111615
-0.111765
-0.112881
-0.117575
-0.121248
-0.121702
-0.137728
-0.138416
-0.139289
-0.140547
-0.142210
-0.145156
-0.153060
-0.156498
-0.158195
-0.158377
-0.159084
-0.161329
-0.167142
-0.167153
-0.169471
-0.173452
-0.180097
-0.180760
-0.187453
-0.188641
-0.189688
-0.190077
-0.195625
-0.195637
-0.198608
-0.207097
-0.214352
-0.215479
-0.216578
-0.218832
-0.224164
-0.224399
-0.224484
-0.226158
-0.226684
-0.227204
-0.228369
-0.229303
-0.229880
-0.232286
-0.234941
-0.235208
-0.236591
-0.237090
-0.243820
-0.244126
-0.245467
-0.246127
-0.246148
-0.253014
-0.255231
-0.256457
-0.262083
-0.266976
-0.267201
-0.267249
-0.270246
-0.270254
-0.271336
-0.273285
-0.274467
-0.275917
-0.280288
-0.281582
-0.285052
-0.286694
-0.290159
-0.293750
-0.294988
-0.295522
-0.296912
-0.300309
-0.302655
-0.304663
-0.307576
-0.309422
-0.311364
-0.311540
-0.313148
-0.316637
-0.319749
-0.324921
-0.329331
-0.329652
-0.329836
-0.332388
-0.332926
-0.336219
-0.337046
-0.337332
-0.337584
-0.347905
-0.349232
-0.349691
-0.349792
-0.350491
-0.359154
-0.359306
-0.361773
-0.363071
-0.364283
-0.367642
-0.368418
-0.368688
-0.370734
-0.374270
-0.375178
-0.376968
-0.382941
-0.390805
-0.393459
-0.395534
-0.395916
-0.399083
-0.400357
-0.400943
-0.401241
-0.402272
-0.403449
-0.406410
-0.406798
-0.406896
-0.407902
-0.411028
-0.411453
-0.411841
-0.411859
-0.417770
-0.423162
-0.423818
-0.425777
-0.426507
-0.429287
-0.429939
-0.432999
-0.433262
-0.434555
-0.437685
-0.439864
-0.440630
-0.440738
-0.442726
-0.445165
-0.445178
-0.446507
-0.446771
-0.446881
-0.447136
-0.447605
-0.448200
-0.452043
-0.452935
-0.453594
-0.457693
-0.459329
-0.459920
-0.460635
-0.461561
-0.466539
-0.468493
-0.470257
-0.472769
-0.473289
-0.473577
-0.476459
-0.476729
-0.480814
-0.482871
-0.483281
-0.484629
-0.486658
-0.487838
-0.488858
-0.489986
-0.492017
-0.493355
-0.494545
-0.495021
-0.498518
-0.501003
-0.502781
-0.505872
-0.506020
-0.506424
-0.507057