100 1
2167889
2171154
2185194
2187324
2192754
2185795
2168060
2189345
2188472
2192142
2163451
2185739
2181647
2171265
2175949
2137901
2197878
2175316
2167507
2133332
2180169
2186611
2178773
2186668
2185382
2179204
2191114
2179404
2178396
2163930
2184920
2176956
2173630
2178602
2161321
2187842
2174671
2201566
2189254
2173519
2188106
2199509
2176114
2159756
2173988
2153388
2188515
2197286
2177733
2195741
2172271
2179225
2192711
2165216
2191771
2180432
2194497
2194276
2191944
2180953
2185956
2176136
2186759
2169867
2181172
2159362
2201727
2172707
2170041
2183625
2164316
2189367
2164187
2163949
2171180
2188533
2189126
2176059
2182823
2156446
2170007
2197497
2190645
2190341
2191904
2192474
2198078
2192219
2185553
2183565
2185547
2182230
2193905
2190085
2187341
2184624
2200908
2181118
2166385
2182685