100 1
3391748
3410990
3376018
3388187
3383359
3421088
3389557
3382247
3361754
3380666
3396967
3395397
3412588
3367316
3420070
3380230
3423201
3393348
3392022
3404939
3365586
3411101
3381539
3394844
3391866
3403060
3395305
3365931
3405715
3412727
3412895
3393028
3391910
3395666
3393629
3395200
3391496
3375456
3377196
3402646
3404543
3400626
3348581
3389808
3380246
3373636
3391727
3373015
3408314
3405197
3397237
3369375
3402931
3394748
3411414
3396478
3410342
3422912
3394054
3414867
3401039
3415976
3412721
3369809
3406605
3391933
3407284
3385923
3416135
3328154
3392939
3420973
3372421
3403469
3382090
3383439
3391005
3373862
3384119
3415559
3402014
3358323
3364535
3400380
3422065
3406967
3389451
3378171
3389330
3390059
3391133
3407804
3384698
3369916
3355739
3407957
3397032
3409534
3397586
3365685