100 1
858783
865914
862001
848700
856148
861991
845468
856830
846511
858591
853806
843286
857870
857476
838411
856219
854471
860214
857174
848950
852915
866103
864082
848645
859029
859715
864601
854654
844453
855688
854689
856116
859470
864865
847052
858805
848048
856525
852562
844019
859398
859553
868872
855708
855769
858973
846697
865346
861925
860335
865067
860636
857507
861638
863321
850236
863995
857891
855156
852093
844544
861422
865594
846789
852880
848544
853989
849373
845656
859898
859411
849696
868405
862846
846745
853819
849459
859942
858663
857040
852442
849341
864628
856397
857714
854701
847316
850199
859897
861410
863031
849858
859959
858692
848202
859992
863487
860198
859197
865548