100 1
871100
869639
869543
863944
868867
863681
867237
870804
864985
870176
867368
862381
872634
867273
870144
873843
860876
865902
864189
870376
870326
866383
867166
858081
866191
869657
867801
876728
869396
847469
867371
870015
870647
870487
865256
867639
873366
868266
861918
860306
848751
867171
876225
866897
863589
862047
875466
865625
872880
861470
862155
870810
870073
872579
854122
861678
872211
870411
861299
858792
861857
871009
864656
866623
857725
865729
864989
874474
865294
864813
869015
868674
859552
858680
873346
870906
855982
878484
864852
869991
868958
871656
866515
875098
855676
869097
865812
865079
872510
868551
862909
850674
873611
870827
873633
876993
868764
862191
864968
865255