100 21
733 621 2431 2119 749 953 649 944 968 557 2168 1545 1165 1372 2442 1007 1960 1179 656 741 668
848 1472 275 1029 434 1745 1162 612 276 354 406 287 1071 551 545 2375 581 1953 1837 1697 1788
2036 1747 1935 2 191 1858 1674 236 995 1170 1351 1494 1573 2062 2173 882 1320 139 1704 1054 76
1689 231 1942 1317 778 4 940 1258 1355 912 849 1591 837 442 2122 1824 344 1080 1023 1401 225
2303 837 1377 1393 2499 2006 2333 2442 1603 1400 506 1316 2067 1490 1673 2337 1601 268 1416 427 271
1272 1384 1034 371 1519 316 303 1361 2258 568 1032 1843 2368 2026 1631 1090 1641 2427 1958 313 395
1114 1784 682 433 1134 495 944 875 2053 2352 1829 216 1919 1508 1275 510 53 1527 2306 975 1135
2389 605 1351 1400 1925 138 2208 1487 1554 276 122 778 1362 617 2419 2371 1124 2077 1267 186 1385
276 913 2426 2304 2112 399 1902 1414 245 1714 971 545 792 1215 397 290 511 1278 734 375 1353
1084 1284 290 876 1197 1883 2086 1416 1843 1906 1175 1725 1946 1690 1796 540 2445 556 18 2160 1208
1888 636 1127 2146 826 2287 2498 1032 1960 1752 1303 1184 939 906 432 996 1123 2376 744 1168 1912
1027 1906 369 2476 2396 1387 49 55 2498 2210 1461 407 987 1228 1072 856 1825 66 2496 1469 1535
1649 698 1908 1461 1065 1000 1403 1559 1024 2441 939 1923 1111 178 1336 111 1372 1995 1168 132 1096
1206 2396 95 41 131 2485 90 731 1046 708 359 1926 2270 138 2369 1627 980 1819 1747 22 1169
1286 261 811 818 288 1192 2500 1139 2125 2307 1114 1261 1388 382 2296 284 2176 556 441 309 546
1348 282 2409 1818 2293 219 413 1257 2262 1922 2472 83 427 1471 335 1705 1834 1301 2275 2500 1767
576 1038 1014 2481 427 2344 190 1751 492 1192 2290 577 2226 1506 1764 2483 446 1896 151 162 498
952 1678 2072 587 277 569 2237 563 2389 350 1826 1079 365 889 1670 1953 2437 30 1882 178 1734
937 950 959 347 921 936 422 1435 1617 366 567 1241 718 1885 698 1620 1587 164 1422 152 954
653 315 2179 2229 246 1652 1606 2471 34 350 1890 2209 1749 1002 67 1939 2232 13 2385 946 2160
553 1725 283 2201 1333 963 811 738 2468 23 238 791 2193 1448 1626 2297 488 486 2398 63 1485
1661 525 2447 1659 1315 407 1423 2251 807 256 786 2059 2464 212 275 1526 2112 747 1196 1884 923
1303 83 2126 1141 1286 191 1264 1532 2429 122 375 1093 1872 1821 1315 507 161 1284 1126 643 1752
383 1953 2172 259 795 738 1789 1886 2494 776 1131 1230 2329 1813 531 1434 2368 1933 756 1700 2243
1099 2348 2347 374 97 794 1847 586 393 1785 1661 492 789 1963 1119 254 946 2006 2075 979 1450
2251 779 2465 1182 2311 995 1710 1772 2481 2360 1876 1792 224 2073 1195 1975 279 1696 1136 1968 1020
1787 2382 374 2039 1553 1657 799 2447 1736 570 1355 1284 823 1860 882 1641 1825 2384 2120 1038 2106
471 1598 923 673 944 615 2237 617 472 1537 563 1786 1244 1563 859 1151 1207 2230 41 2225 1320
179 2244 603 2163 1120 560 1940 1637 1461 1894 501 1675 369 1559 395 907 1904 2166 1778 2216 765
1089 162 817 2270 1860 534 1828 1873 2499 991 97 685 249 2102 1170 1526 871 341 309 1096 1951
217 170 2486 1589 577 1202 1841 154 1660 194 1771 998 688 2035 540 19 1313 513 213 1879 642
2498 1821 1536 1861 309 2056 1309 497 898 1227 1125 1600 1073 1410 2444 1604 1872 1748 2374 2283 1620
996 254 1389 211 245 174 1981 347 2344 31 976 2356 120 2444 1115 1930 1408 2030 513 1218 1156
1072 1155 329 137 1921 605 142 1750 1738 1230 2140 1590 709 1806 1019 12 1059 1598 2179 1310 2276
2468 2181 1657 1171 920 954 2170 858 206 1030 1105 363 1295 1759 1754 1448 1244 1690 1141 1130 853
1447 1043 1747 769 550 1390 1541 942 1494 1798 1025 632 1666 981 742 1822 400 154 1575 1394 2363
273 1232 517 572 610 1631 2324 13 1739 704 354 198 1313 2375 1598 142 2260 306 2439 949 1089
1222 647 1466 1381 1712 1088 464 1674 2475 1630 1171 1060 65 715 349 1166 549 2136 1649 1827 1273
351 395 1295 961 663 1417 2055 1547 2278 1596 1335 1094 1264 1219 1630 1213 661 416 1595 1498 1269
741 2068 1395 58 1273 1951 603 1082 305 777 1674 355 1495 376 557 496 746 325 446 1942 2034
1991 1143 233 247 1938 53 1716 305 1319 1798 1175 799 1803 692 690 554 664 2191 1084 1884 2120
13 771 806 720 2328 1976 1832 525 2079 796 997 2400 1563 2296 2144 1151 959 432 811 465 1994
1525 1635 2041 942 306 856 2498 993 951 2242 1912 379 428 2454 798 2198 72 1051 1400 700 446
1981 880 508 2282 1350 2210 1689 1239 2096 1604 467 94 390 288 6 338 330 1910 2174 976 386
1187 1271 700 2316 2370 1503 849 1405 162 2023 1749 1024 2211 1786 518 1050 1350 2421 1412 1727 2466
209 1808 1630 716 650 289 853 365 1063 811 83 1843 629 1453 1233 2410 2323 1893 2030 215 1952
1042 1029 464 557 407 1963 1336 1479 966 2341 426 2359 870 1938 1398 257 288 2358 1658 1303 1335
404 1831 2146 1607 1931 1199 135 267 653 1126 1282 1352 1400 314 197 117 40 1259 72 2113 363
1205 1567 944 2485 824 1507 2401 235 2185 99 762 813 561 2334 2286 757 1069 65 781 1883 254
1657 407 260 432 672 841 493 1163 289 351 2257 1409 1125 1705 1051 2488 701 1256 1576 1118 489
890 904 1414 1678 2115 1411 608 19 234 48 1469 1195 263 1142 1002 930 2319 2030 492 1323 430
2009 863 616 419 374 1865 1993 2127 85 797 756 386 2336 856 263 1472 615 1941 1959 605 1478
2356 1870 756 1928 2461 1941 1848 1008 1383 1758 1643 1685 432 577 1804 1625 1199 2140 1837 2417 1987
722 2387 625 1635 2216 2037 874 67 875 1845 2112 496 1037 241 615 2189 1186 915 2229 1101 706
236 2077 2132 1332 834 1698 1663 2330 1223 1609 199 1139 754 1856 84 1592 1803 1385 593 2474 2381
170 1046 2066 1452 875 1249 477 685 503 2042 140 2368 2170 2352 733 150 1402 2064 1555 1136 1852
864 1270 1192 1391 225 1886 538 2262 2078 1265 1013 125 983 628 1447 388 2464 2345 418 112 458
2126 1103 2477 497 109 550 2084 1445 401 1698 1929 977 669 1844 2258 1487 1851 1320 1627 469 416
1269 669 614 1903 1698 1511 1055 2439 1414 2435 2352 2235 1788 1651 2251 172 1885 1804 1709 636 234
2156 851 1323 853 1311 558 1959 702 2126 1843 2147 2444 19 2168 1637 385 479 32 1668 1020 1335
1574 2018 1487 1659 946 632 150 1594 706 1460 772 1961 286 1281 797 1030 245 36 2390 2481 789
1579 1372 2366 1894 1922 492 851 650 2069 1458 2439 857 712 982 715 1249 1954 1017 539 558 115
1798 950 468 1948 186 361 2109 1167 1882 1982 252 1971 1979 53 435 2379 790 133 2357 1910 1783
2083 392 318 2056 1186 1711 1784 1881 215 1996 338 1869 1143 1555 946 1 1687 1071 2093 2208 838
204 441 1828 1973 1157 351 556 650 1045 783 2202 657 2273 291 2096 221 1285 354 1583 24 1968
1128 2113 1456 1234 103 1241 493 1233 477 2253 947 2471 2399 1702 1388 416 1380 2239 1422 57 329
20 1664 2482 682 388 1989 1257 2128 324 592 1639 2082 2003 662 287 871 449 2495 1682 1786 1545
1454 672 1815 288 30 43 1438 531 2225 936 2267 1003 909 1111 2328 1806 1270 264 1817 186 2072
159 1950 832 2270 1995 495 2009 2226 2168 64 418 2476 1230 2207 1254 545 1939 643 2456 261 289
682 2007 2435 347 863 2324 386 1013 1519 1725 178 2079 701 1054 2467 1466 2354 405 87 1589 15
1881 1241 2157 2084 2314 1139 1916 1761 190 2473 1050 7 1468 2171 317 2224 2277 2238 2354 1728 2081
1367 1518 2080 1460 223 1371 554 2499 2451 1225 2129 1529 2245 2223 1596 1804 909 1949 1001 2438 1394
2209 1241 16 484 2026 2490 2403 1325 2241 1569 138 2343 1657 215 927 2408 2249 2327 1014 769 2000
2207 606 2470 1048 904 1599 953 1294 1879 1590 719 1600 1865 1881 1864 1234 1746 1494 1079 1064 155
886 297 1801 816 1962 1575 1393 1942 973 865 2041 2205 51 2309 227 1294 2287 1441 1265 555 1525
1684 1401 14 1593 2406 2457 2359 1815 147 1161 206 1454 1528 1687 2231 882 1854 89 1381 502 791
79 1433 2032 2056 1183 1202 1024 639 849 24 301 2335 510 909 2242 86 138 2434 249 1116 150
2029 2097 464 2327 397 1489 2348 1654 2152 277 634 978 1244 2376 1218 1815 1790 556 1148 956 39
2197 16 741 1698 302 1014 1047 624 1350 406 983 1717 1716 101 822 2360 1850 1019 1796 2412 1360
1522 2357 157 2472 36 1631 390 2284 964 1483 1229 688 1031 965 1051 192 961 2009 352 1995 1404
18 135 160 559 39 1621 1026 1925 2343 120 475 1416 1518 1426 2295 95 1692 891 472 1362 2267
923 517 316 1338 1857 658 8 1553 2058 2382 850 218 368 1413 1281 1533 1397 1964 1495 739 1952
1240 154 6 869 1756 1879 283 1019 894 489 2201 1866 1093 1632 2274 1917 2243 1199 2290 811 2230
2062 613 1083 2448 1352 103 1811 1275 976 1268 659 2388 2269 2496 2497 1678 532 674 930 2216 1067
181 1286 1433 2329 1779 228 520 274 726 4 537 2475 1259 1855 2427 1536 2301 634 414 1418 2327
30 904 48 1088 2056 1532 1548 1541 869 1299 2474 2160 1687 25 1150 1456 2491 1828 2132 1626 1526
46 316 1767 1193 2406 1513 1996 2404 1732 2102 1480 329 1003 2356 1144 2300 2263 1859 448 976 2316
2275 1859 1790 363 1167 1724 943 1978 704 1186 2427 351 1974 546 369 1030 2006 1329 794 1355 1766
841 844 2402 1007 1015 1184 1509 1269 434 1640 1922 2178 754 1417 2386 356 1691 1135 1399 1668 1081
546 2078 462 429 2162 1693 183 1393 1254 418 1457 1802 2088 2090 884 1495 490 285 923 1643 689
1987 2066 1696 109 15 2496 812 2333 1832 421 2388 2301 563 1841 1320 1358 2296 524 1764 2361 248
2031 1749 1185 518 1769 344 869 1501 405 1232 2133 1533 1205 2344 643 860 1575 701 973 2388 1418
2013 412 2440 299 2346 315 1311 698 1541 2416 1616 2268 2490 1058 176 15 337 937 1179 719 1863
1973 2445 847 1849 1330 400 1461 1554 1188 1237 440 650 1097 1793 573 1920 184 841 1744 1300 1134
1617 861 507 2260 173 1358 222 1758 385 2015 1899 1685 1036 2318 600 447 556 1861 1076 2475 1403
1157 988 804 2259 2500 1145 1379 2381 336 1403 1995 739 814 2492 306 2209 923 399 1756 1335 911
1337 930 196 2359 958 1340 46 857 761 219 1434 909 2451 2295 2064 1822 1125 2275 2109 812 1476
1195 1678 1473 2103 2063 988 1068 170 1702 1480 1547 462 777 2198 633 1218 2028 1973 939 127 1104
1056 122 1815 886 2216 2345 2477 554 2033 1854 33 287 2052 421 467 1522 2428 245 474 1129 769
553 1725 283 2201 1333 963 811 738 2468 23 238 791 2193 1448 1626 2297 488 486 2398 63 1485