100 13
473 217 412 382 345 343 388 410 188 209 484 288 404
157 363 448 468 258 193 248 461 78 268 308 483 479
125 269 85 69 48 259 94 162 352 124 127 174 302
382 499 426 44 252 179 471 286 28 135 441 142 416
153 459 109 297 372 498 96 252 162 51 338 333 243
389 489 269 262 162 149 282 32 141 85 157 134 300
256 348 187 260 157 353 257 219 385 440 50 340 490
73 16 94 138 243 100 455 70 59 164 29 359 432
208 450 402 215 158 252 23 376 17 393 435 458 210
39 138 300 183 282 251 127 481 323 176 219 3 85
141 5 262 50 325 208 241 412 22 274 142 375 423
67 409 174 207 181 175 469 373 492 370 272 99 273
218 363 337 13 194 209 394 484 466 326 33 67 344
495 483 366 21 480 367 352 201 330 30 292 496 401
352 318 313 308 305 211 25 141 328 100 138 391 162
76 164 288 210 231 229 189 203 297 109 402 92 157
363 396 374 76 191 388 116 28 194 96 329 19 10
202 414 267 372 286 18 325 262 36 494 370 134 299
176 308 318 62 334 73 77 459 428 175 188 254 405
275 335 273 96 220 442 464 331 76 411 6 386 74
77 167 326 451 130 173 39 500 210 175 368 455 351
53 139 96 262 388 183 323 72 401 242 433 27 357
351 300 111 208 335 457 496 378 469 468 382 465 272
467 399 260 242 293 91 69 492 457 312 297 203 425
259 399 325 154 482 59 82 49 211 157 28 203 232
252 42 99 28 109 405 170 116 386 350 320 174 464
341 257 454 163 274 181 483 81 413 462 227 464 177
342 251 10 430 79 12 339 74 204 415 290 153 207
220 206 463 142 395 337 126 10 133 120 151 44 384
274 100 350 385 126 463 271 340 466 131 165 184 337
418 202 457 151 341 25 157 288 363 41 252 479 125
55 148 400 149 236 286 13 146 405 394 402 19 17
444 287 141 133 367 170 91 209 47 306 169 142 379
436 351 109 401 424 209 44 285 443 42 30 198 250
270 356 91 324 325 464 286 451 426 31 115 197 29
39 28 169 135 30 214 381 223 80 483 340 201 203
423 242 138 3 384 175 146 111 470 49 494 50 362
135 119 465 335 455 420 451 355 336 312 462 58 205
109 127 444 157 410 290 126 493 82 462 316 419 203
4 21 100 472 89 174 455 17 395 340 237 351 382
463 59 293 114 424 490 337 341 288 165 181 129 176
292 220 53 432 134 194 466 471 96 251 216 71 389
77 223 106 98 74 335 381 274 451 226 393 261 160
362 458 9 462 198 43 484 127 19 204 429 283 358
331 367 206 78 311 440 229 387 94 373 220 28 355
274 69 494 98 255 447 478 278 19 18 254 248 219
469 498 162 80 156 275 2 443 355 84 51 375 438
273 70 262 481 55 163 376 489 500 133 111 391 96
399 18 306 375 121 255 355 163 218 377 384 374 426
391 15 372 471 424 158 489 490 312 448 330 481 338
349 86 269 42 18 489 164 380 184 496 225 75 274
20 179 374 414 135 133 56 302 156 185 86 295 231
59 303 134 231 97 359 162 2 93 418 320 73 348
191 358 351 200 204 159 125 312 58 455 168 309 179
4 248 149 395 341 394 220 308 376 229 106 370 213
130 10 306 374 443 351 58 290 266 113 461 50 51
345 317 39 454 260 242 419 109 443 463 108 199 240
382 497 299 10 329 343 445 358 311 359 203 487 377
335 55 423 428 149 485 138 62 473 139 342 73 449
89 317 376 454 285 47 422 211 92 259 197 394 83
496 191 379 149 490 405 135 381 109 427 232 258 96
264 145 499 218 227 82 50 352 125 282 446 351 158
157 407 375 113 464 123 355 381 50 361 243 484 249
80 57 59 169 218 326 140 203 58 21 6 314 211
134 146 448 319 411 231 237 10 311 410 86 388 376
135 379 498 141 187 359 405 382 94 252 355 196 448
251 358 414 317 201 103 203 53 58 94 129 386 55
216 214 208 444 451 183 399 273 157 329 376 425 165
459 286 380 285 444 141 334 228 493 463 451 86 424
496 242 401 157 413 366 218 290 38 432 373 76 354
259 294 278 340 374 232 106 362 272 430 44 279 20
148 95 349 455 440 376 450 18 57 410 497 372 422
177 195 316 490 227 454 249 77 167 438 311 160 103
356 295 340 335 373 317 105 183 362 453 158 111 339
278 135 420 57 399 434 352 236 363 285 104 205 52
479 386 480 394 418 492 62 197 330 217 329 267 276
126 425 141 286 75 24 90 458 405 67 498 252 484
20 330 486 352 462 43 140 480 490 484 156 473 142
367 442 487 46 378 88 308 43 379 317 325 164 239
302 294 471 156 142 175 426 67 101 276 383 44 445
463 459 382 319 496 472 355 123 162 80 303 169 411
116 372 416 267 335 319 190 86 103 484 422 151 138
9 462 303 349 99 12 59 53 264 335 338 401 243
366 405 56 376 48 90 82 168 214 218 484 140 285
436 351 352 253 335 420 380 288 206 366 74 374 240
374 379 352 134 388 436 171 274 273 106 323 386 496
258 309 18 178 138 496 362 20 331 371 493 127 424
137 19 432 490 500 29 183 39 388 407 446 154 176
37 162 158 433 244 203 315 262 299 105 96 500 107
80 9 454 216 33 317 81 11 39 315 102 253 210
204 375 499 196 290 365 116 363 330 315 398 185 416
289 386 407 180 370 371 38 336 122 151 294 251 203
74 466 53 82 345 468 215 473 64 458 478 352 251
116 29 118 62 442 198 267 138 129 88 288 394 493
273 109 352 136 96 286 251 175 291 418 408 261 113
9 105 363 318 473 354 109 299 210 262 204 260 17
333 424 471 340 136 485 279 454 192 62 300 231 95
220 133 127 349 142 269 15 110 2 458 150 210 318
450 95 99 25 344 239 101 348 151 378 217 118 115
218 363 337 13 194 209 394 484 466 326 33 67 344