100 10
468 264 426 450 368 484 119 298 487 495
420 19 376 472 44 207 102 358 394 3
496 227 264 90 231 59 451 99 91 263
405 183 68 210 205 28 35 86 96 125
386 76 427 312 420 260 201 286 64 417
144 216 409 472 457 373 346 126 100 337
352 377 106 253 420 360 109 43 220 93
147 339 222 500 391 141 384 494 19 335
156 325 129 20 243 16 469 193 355 311
64 458 326 131 379 180 70 267 426 490
412 203 17 180 455 344 404 406 349 111
258 420 479 374 51 460 28 133 4 413
174 213 43 485 157 254 331 300 500 483
302 47 426 460 18 425 27 335 440 384
425 118 195 465 286 494 463 169 141 496
451 321 288 408 168 75 465 267 285 274
415 345 297 59 298 169 158 270 453 210
455 365 156 89 451 2 43 339 203 385
286 27 342 348 231 349 146 67 385 384
351 121 463 335 183 51 460 441 409 451
272 71 391 186 454 30 44 274 84 436
127 92 395 469 215 284 347 76 135 281
84 204 149 53 106 156 451 50 418 98
47 251 214 211 142 406 53 323 204 73
480 467 379 246 27 401 458 385 158 168
453 388 218 91 386 101 158 406 492 184
355 326 29 110 424 166 340 141 373 394
345 125 223 424 388 202 127 3 104 337
324 401 3 85 276 403 196 440 359 127
445 157 334 43 372 133 67 146 262 493
326 231 274 118 363 244 388 245 492 309
157 314 434 388 480 363 361 446 3 57
91 464 359 434 458 492 235 129 216 124
499 334 435 197 465 169 351 122 129 118
80 91 248 39 221 300 379 312 149 484
222 462 487 344 492 227 169 359 442 194
499 391 12 157 386 282 435 141 299 89
492 267 382 451 71 77 406 298 98 304
493 309 454 195 386 289 13 49 217 362
348 10 252 257 454 168 17 71 196 422
394 316 69 80 493 169 232 374 355 373
387 370 413 169 142 297 427 30 468 414
499 388 463 377 308 500 458 252 407 84
352 90 347 420 418 162 423 366 308 406
204 211 377 363 287 156 84 218 146 270
58 204 461 207 372 390 301 91 440 454
420 455 85 242 118 181 14 195 407 67
496 458 101 391 51 335 201 363 285 52
199 141 182 28 288 123 234 133 451 487
311 43 252 61 442 127 72 391 218 384
401 394 51 376 285 118 156 446 56 387
157 262 426 334 451 169 383 216 298 191
339 146 198 385 312 203 54 59 330 309
36 262 206 85 205 480 39 309 397 364
500 464 427 388 370 480 271 351 374 49
165 113 396 157 300 251 219 10 84 405
464 391 339 299 50 229 338 331 144 158
427 363 233 116 158 126 206 262 80 89
446 122 201 492 490 179 84 491 441 50
92 146 422 267 157 499 164 211 162 151
79 135 280 216 363 204 100 301 53 179
238 199 80 375 12 66 435 195 139 58
429 418 274 437 426 122 50 328 57 184
158 209 394 95 288 220 99 54 358 169
428 348 335 58 118 49 122 66 144 480
457 43 445 57 490 340 379 324 270 216
366 340 451 285 387 459 156 355 487 250
201 372 162 363 341 405 207 290 338 90
462 140 50 465 308 49 288 257 289 296
338 67 465 490 290 387 146 160 471 464
156 363 89 399 427 464 480 164 18 280
142 149 270 490 471 91 24 492 13 412
359 387 227 145 131 232 139 394 385 492
158 492 231 385 270 50 420 99 324 16
155 101 157 373 100 193 469 170 493 140
499 492 355 260 458 23 158 167 401 417
225 274 134 290 139 379 229 18 92 374
324 331 351 4 92 50 90 384 112 340
469 335 237 139 440 69 455 141 297 384
179 124 42 426 489 194 413 19 48 119
219 352 174 480 58 449 97 124 18 455
455 162 309 81 432 480 158 456 422 384
289 142 70 426 319 129 430 127 9 69
80 157 47 406 423 349 155 44 484 78
323 51 168 146 177 274 480 373 183 410
90 164 409 290 300 46 342 196 109 210
146 133 377 17 248 218 285 478 264 43
442 3 116 394 460 216 101 350 158 199
342 220 334 469 300 490 113 212 475 39
337 156 376 386 410 51 188 135 408 88
158 418 51 422 152 495 157 91 459 480
23 174 385 405 92 78 402 457 466 363
119 49 308 244 21 40 352 157 52 276
208 77 468 489 462 162 28 439 157 184
425 288 55 195 402 28 61 298 58 71
260 91 278 443 158 255 106 144 382 31
232 276 122 397 135 344 422 248 57 262
199 50 329 395 157 144 142 267 27 322
477 39 71 315 252 277 227 434 454 21
64 458 326 131 379 180 70 267 426 490