100 18
45 311 732 167 1337 1324 619 984 1419 1319 160 1402 1094 25 922 264 252 649
1058 1312 250 1309 725 704 341 500 532 773 1039 995 192 231 268 83 43 1470
394 1496 613 1400 964 1082 197 688 717 299 15 1399 116 323 849 874 681 200
811 673 239 648 282 389 585 165 1048 978 208 1230 1013 539 932 820 474 1312
75 1385 838 245 929 167 1134 102 554 221 1156 1252 998 1332 950 519 6 1488
1480 114 251 1220 1496 668 997 412 5 486 324 1119 1361 62 213 995 1468 823
1474 273 1475 553 328 813 318 857 953 130 1289 531 1056 1480 597 696 689 147
1107 1108 1488 1249 553 365 462 1181 317 1253 1173 255 324 20 305 1290 888 386
75 901 365 856 544 1397 575 861 191 761 762 1345 543 672 224 478 208 466
1496 372 197 1411 436 190 17 290 1322 1128 1313 1090 339 391 478 475 890 195
475 1017 873 831 1493 705 1460 97 441 158 600 41 459 1288 799 1235 220 490
338 1461 644 477 480 131 353 77 886 1376 255 1465 907 666 580 860 646 950
1 1232 139 576 1386 1308 776 647 971 18 142 1182 988 1422 89 851 805 1129
860 121 436 432 394 324 547 1138 788 162 1417 1341 120 991 1249 83 79 1109
1211 926 376 73 1293 1328 672 1432 412 726 954 289 563 953 40 195 974 442
1236 20 11 843 943 108 1418 869 149 143 1038 533 541 90 1439 241 1028 117
89 1040 121 1220 732 1149 424 1476 1106 682 1168 777 867 228 1499 293 1144 110
198 1075 784 82 592 7 733 560 783 904 668 1042 1062 424 429 18 1356 1346
1178 699 1248 388 500 203 771 180 1381 381 804 216 819 795 1108 845 289 307
214 643 62 1214 398 37 19 1167 459 153 216 1283 1370 56 114 1144 141 1253
934 646 1473 1273 256 1423 376 939 35 1224 1422 847 1492 261 1402 842 852 1051
457 1337 165 334 905 25 700 1204 1 57 493 1465 1236 507 120 1151 1410 799
759 1000 220 732 249 678 9 352 116 525 1394 1437 719 136 834 397 1154 497
1210 154 613 143 900 1057 640 1110 407 750 837 1220 645 449 1041 550 739 1008
1356 1331 1438 1395 211 1072 766 1428 1034 148 656 1105 1142 88 956 945 881 849
602 1208 188 25 581 1316 73 943 625 604 1083 478 1179 1182 1190 1015 925 65
1369 687 153 91 1402 1313 354 1366 1314 645 64 24 346 427 315 934 1110 310
197 988 89 1180 1059 428 1173 734 185 548 994 1206 1043 788 1370 600 1220 590
662 512 341 640 59 415 1129 639 1073 1229 776 229 282 273 278 34 246 795
460 130 641 933 365 1109 220 746 577 351 483 662 38 1255 229 78 988 340
931 1106 855 291 1140 1403 349 1309 868 456 921 1220 1182 1456 282 1194 505 509
681 1335 795 533 1343 1460 699 364 1067 536 1255 254 1065 1429 953 450 544 159
142 463 1286 1427 925 1236 151 104 469 1250 909 816 516 297 108 663 851 353
121 295 270 487 796 1005 1491 472 1134 574 715 551 912 787 567 1356 1426 227
499 606 1432 935 478 690 702 1052 491 582 851 813 490 51 1450 255 1015 860
940 779 354 343 1047 845 13 340 695 393 851 870 174 816 362 958 49 640
444 383 888 492 1275 864 295 870 835 734 185 1308 1184 978 510 1138 1114 49
1116 674 1411 495 1197 258 1138 1180 1207 1339 1281 1500 1172 154 863 1118 1005 1294
411 53 463 954 357 41 1358 1166 1370 344 896 165 556 352 89 237 1459 633
276 949 616 1296 1171 1329 1260 595 580 238 679 560 1273 87 1383 21 281 882
1214 1250 1104 88 85 235 280 1148 401 689 307 383 492 83 424 417 1309 857
390 1307 1278 257 1384 1463 1004 618 11 243 1015 1316 944 1231 1235 1042 1450 765
213 410 224 70 1153 1238 95 193 352 718 828 1328 1406 522 711 437 1017 50
629 1391 419 209 369 1419 1322 103 435 165 236 1357 67 551 158 887 1323 619
1028 1114 1003 153 1206 450 1035 1480 1165 1143 53 1296 1271 593 624 1431 478 314
1471 91 349 278 153 1411 956 121 1328 1029 1 593 1090 1309 72 352 188 726
256 1166 1053 1213 45 1493 1466 99 871 27 1045 213 1007 1244 200 698 531 1300
559 159 467 1483 1140 1433 991 1031 171 295 1252 801 1272 220 411 424 972 1321
1124 715 280 745 260 411 19 1239 885 1095 647 761 1465 1251 1214 1238 230 1162
1485 499 600 357 1457 422 913 360 652 1304 1063 1165 199 1242 717 1258 244 980
759 1462 819 982 194 349 204 1038 1120 75 806 1233 822 474 1063 1470 592 1156
148 270 1435 91 1362 877 967 538 971 1474 782 769 980 1424 351 500 38 368
1173 704 105 1212 1120 655 52 624 842 1175 213 42 241 784 1158 924 1476 1411
118 1018 1309 664 941 215 753 169 414 416 1187 563 95 81 984 807 1238 611
232 1178 411 67 40 365 1072 1046 1367 784 679 926 3 1457 1338 512 1035 782
1129 207 947 765 1031 480 705 191 499 527 243 996 1063 503 951 511 1194 138
1020 1342 1055 992 96 110 874 1319 730 502 1360 309 437 279 505 542 440 867
953 1063 684 1093 1300 201 947 560 1101 942 1225 964 276 220 171 904 1458 1457
1140 1195 335 534 1433 223 547 256 626 550 750 228 664 153 77 437 181 760
1002 967 139 913 130 2 365 812 317 1425 1321 1094 215 1245 393 757 528 1462
806 904 456 1226 1214 520 1328 1210 144 1008 1231 228 744 1411 728 61 1134 183
449 646 1202 561 1218 640 1257 505 666 467 1361 183 1306 973 1397 1050 282 1431
440 898 10 1032 1124 1476 784 617 1251 654 395 95 741 435 753 241 832 21
469 278 1440 541 1120 241 1013 952 345 1224 893 959 766 787 238 1159 1253 14
883 1039 863 1128 12 1051 691 44 1144 341 678 1363 1433 707 939 1366 291 838
1103 136 1021 1146 1064 1255 793 1194 1289 674 247 1032 383 683 202 1311 1139 1465
1021 861 36 1154 1423 1272 408 40 1096 1254 693 1380 666 389 1416 1445 1026 249
1237 674 1238 60 1267 1207 1412 46 313 346 525 1425 1183 1263 897 1445 147 891
457 35 146 1148 1180 1214 1006 293 1127 746 218 379 132 1062 737 885 337 1335
1006 1036 235 1298 1411 629 711 673 1087 384 939 37 271 1404 276 436 1499 478
1245 381 1197 841 35 370 523 954 953 147 1037 879 88 1339 722 528 561 630
202 284 1075 401 207 1057 844 245 1267 1068 1103 1145 826 153 995 80 739 88
1139 265 849 1277 1323 680 46 995 441 477 41 904 1257 1469 499 975 126 945
1038 553 906 450 1068 271 1324 338 1224 1058 525 657 451 752 245 1201 335 1211
675 326 66 365 1074 147 1470 1211 150 640 1310 1500 431 293 25 77 1112 566
270 398 1410 122 1377 1379 572 281 574 932 575 144 1141 915 978 1263 1373 795
1140 1197 623 744 244 763 41 394 84 661 675 1142 203 1056 20 1259 284 853
484 655 617 539 787 986 1410 1164 1065 486 920 1058 809 112 359 196 1174 144
1432 482 1218 557 975 52 530 176 456 588 813 368 1438 869 1276 266 269 1474
1165 1462 940 1351 59 63 1500 1347 526 490 1149 1223 15 911 1057 639 1253 1268
961 1168 158 616 253 1165 450 1491 143 1403 16 1377 1236 1481 547 617 1145 1463
40 1236 548 832 44 585 276 1206 1288 328 1018 293 523 659 793 323 1306 966
1050 612 1335 841 1208 727 430 227 511 157 188 851 14 243 474 975 662 1453
1227 1025 1367 986 1465 99 164 576 160 119 1226 190 1347 1283 1474 177 1243 1192
837 1445 213 1069 117 159 1030 240 20 683 674 739 1374 611 419 1081 819 1069
1339 747 1491 487 276 78 312 931 95 943 722 582 705 279 244 1144 1052 131
347 443 635 505 576 40 232 1140 1162 1445 1492 996 1419 1072 1405 1238 1324 1273
353 406 959 944 474 1211 444 964 674 459 61 1186 384 1132 525 1133 304 639
193 1051 531 1131 50 288 981 1097 266 1270 1321 1128 1429 1418 1341 551 1416 998
575 855 1338 1229 1377 1177 195 15 379 1441 828 228 535 525 133 348 626 298
55 1053 41 1242 1344 899 713 916 465 472 696 468 1163 197 248 1435 10 1140
437 1457 1175 1432 426 1263 172 1032 121 1183 1415 1235 1040 678 314 470 1254 284
1080 477 1464 108 1132 40 52 1411 1035 640 1359 1416 1213 376 664 45 942 1104
619 1267 841 582 411 75 625 809 558 410 670 951 388 975 947 24 1361 887
1438 499 1488 1153 331 263 427 946 141 520 594 210 871 126 1010 1435 1466 43
1169 706 1400 639 239 1416 236 136 862 951 632 315 625 190 52 371 1407 156
1232 1191 143 1047 1269 665 992 133 883 365 432 1194 918 1477 372 383 1150 593
1348 1498 119 841 986 538 888 1005 1012 1367 1156 652 814 398 1132 1432 326 278
152 1164 1064 382 805 1295 1151 776 1448 436 1278 710 1056 1046 996 384 948 547
198 1075 784 82 592 7 733 560 783 904 668 1042 1062 424 429 18 1356 1346