1000 1
0.000000
0.050441
0.101665
0.153671
0.206459
0.260030
0.314383
0.369519
0.425437
0.482137
0.539620
0.597885
0.656933
0.716763
0.777375
0.838770
0.900947
0.963906
1.027648
1.092173
1.157479
1.223568
1.290440
1.358094
1.426530
1.495735
1.565239
1.634806
1.704438
1.774134
1.843894
1.913717
1.983605
2.053557
2.123573
2.193653
2.263797
2.334005
2.404277
2.474613
2.545014
2.615478
2.686006
2.756598
2.827255
2.897975
2.968760
3.039608
3.110521
3.181497
3.252538
3.323643
3.394811
3.466044
3.537341
3.608702
3.680127
3.751616
3.823169
3.894786
3.966467
4.038212
4.110021
4.181895
4.253832
4.325833
4.397899
4.469730
4.540212
4.609240
4.676815
4.742935
4.807601
4.870813
4.932570
4.992874
5.051723
5.109119
5.165060
5.219547
5.272580
5.324158
5.374283
5.422954
5.470170
5.515932
5.560240
5.603094
5.644494
5.684440
5.722931
5.759969
5.795552
5.829681
5.862356
5.893577
5.923344
5.951657
5.978515
6.003920
6.027870
6.050366
6.071408
6.090996
6.109130
6.125809
6.141035
6.154806
6.167394
6.179273
6.190452
6.200931
6.210711
6.219790
6.228170
6.235850
6.242830
6.249110
6.254691
6.259571
6.263752
6.267233
6.270014
6.272095
6.273476
6.274158
6.274139
6.273421
6.272003
6.269885
6.267067
6.263550
6.259332
6.254415
6.248798
6.242481
6.235464
6.227747
6.219331
6.210214
6.200398
6.189882
6.178666
6.166751
6.154135
6.140820
6.126804
6.112089
6.096674
6.080559
6.064803
6.050617
6.038005
6.026965
6.017498
6.009605
6.003284
5.998536
5.995331
5.992589
5.989766
5.986863
5.983878
5.980813
5.977668
5.974442
5.971135
5.967747
5.964279
5.960758
5.958548
5.958392
5.960290
5.964243
5.970250
5.978311
5.988427
6.000597
6.014822
6.031101
6.049434
6.069822
6.092264
6.116761
6.143312
6.171917
6.202577
6.235291
6.270060
6.306883
6.345720
6.386538
6.429335
6.474112
6.520869
6.569605
6.620322
6.673018
6.727694
6.784350
6.842985
6.903601
6.966196
7.030771
7.097326
7.165861
7.236375
7.308869
7.383343
7.459797
7.538231
7.618644
7.701038
7.785411
7.871763
7.960096
8.050409
8.142701
8.236973
8.333225
8.431888
8.533438
8.637877
8.745203
8.855418
8.968520
9.084510
9.203389
9.325155
9.449809
9.577351
9.704871
9.827215
9.951171
10.076740
10.203922
10.332717
10.463125
10.595147
10.728781
10.864028
11.000888
11.139361
11.279447
11.421146
11.564458
11.709383
11.855921
12.004072
12.153835
12.305212
12.458202
12.612805
12.769021
12.926849
13.086291
13.247346
13.410014
13.574294
13.740188
13.907694
14.076814
14.247547
14.419892
14.593851
14.769422
14.945409
15.119338
15.291136
15.460801
15.628334
15.793734
15.957003
16.118139
16.277143
16.434014
16.588754
16.741361
16.891836
17.040178
17.186389
17.330467
17.472413
17.612227
17.749908
17.885458
18.018875
18.150159
18.279312
18.406332
18.531220
18.653976
18.774600
18.893091
19.009450
19.123677
19.235772
19.345734
19.453565
19.559262
19.662828
19.764262
19.863563
19.960732
20.055769
20.148673
20.239445
20.328085
20.414593
20.498969
20.581212
20.661323
20.739302
20.815149
20.888863
20.960445
21.029895
21.097213
21.162398
21.225451
21.286372
21.344569
21.397901
21.446175
21.489390
21.527548
21.560647
21.588687
21.611670
21.629594
21.642460
21.650267
21.653016
21.650707
21.643340
21.630914
21.613431
21.590888
21.563288
21.531058
21.496489
21.459917
21.421342
21.380764
21.338183
21.293600
21.247015
21.198426
21.147835
21.095241
21.040645
20.984046
20.925444
20.864839
20.802232
20.737622
20.671009
20.602394
20.531776
20.459155
20.384532
20.307906
20.229277
20.148646
20.066011
19.981375
19.894735
19.806093
19.715448
19.622800
19.528150
19.431497
19.332841
19.232183
19.129522
19.024858
18.918192
18.809523
18.699077
18.588550
18.478290
18.368297
18.258570
18.149110
18.039917
17.930991
17.822399
17.714244
17.606528
17.499251
17.392413
17.286015
17.180055
17.074534
16.969452
16.864809
16.760605
16.656840
16.553513
16.450626
16.348178
16.246169
16.144599
16.043691
15.945759
15.851415
15.760659
15.673492
15.589913
15.509922
15.433520
15.360706
15.291480
15.225842
15.163793
15.105332
15.050459
14.999175
14.951479
14.907371
14.866851
14.829920
14.796577
14.766822
14.740655
14.718077
14.699087
14.683685
14.671872
14.663647
14.659010
14.657961
14.660501
14.666629
14.676345
14.689649
14.706542
14.727023
14.751093
14.778750
14.809996
14.844830
14.883253
14.925263
14.970862
15.020050
15.072825
15.129189
15.189141
15.252682
15.319810
15.390527
15.464832
15.542898
15.626356
15.715612
15.810666
15.911519
16.018169
16.130618
16.248865
16.372910
16.502753
16.638395
16.779834
16.927072
17.080108
17.238941
17.403574
17.574004
17.750232
17.932259
18.120083
18.313706
18.513127
18.718346
18.929364
19.146179
19.368793
19.597204
19.828020
20.056917
20.283882
20.508915
20.732015
20.953182
21.172417
21.389719
21.605089
21.819857
22.036708
22.255718
22.476889
22.700218
22.925708
23.153357
23.383165
23.615133
23.849261
24.085548
24.323994
24.564600
24.807366
25.052291
25.299376
25.548621
25.800025
26.053588
26.309311
26.567194
26.827236
27.089438
27.353799
27.620320
27.889000
28.159840
28.432839
28.707998
28.985317
29.264795
29.546433
29.830230
30.116187
30.404303
30.694579
30.987014
31.280811
31.569796
31.852670
32.129433
32.400085
32.664625
32.923054
33.175371
33.421578
33.661673
33.895657
34.123529
34.345290
34.560940
34.770479
34.973906
35.171222
35.362426
35.547520
35.726502
35.899373
36.066132
36.226780
36.381317
36.529743
36.672057
36.808260
36.938352
37.062332
37.180201
37.291959
37.397606
37.497141
37.590565
37.677878
37.759079
37.834169
37.903148
37.966015
38.022771
38.073416
38.117950
38.156372
38.188683
38.214883
38.234971
38.248948
38.256814
38.258569
38.254212
38.243744
38.227164
38.204474
38.175672
38.140759
38.099734
38.052598
37.999351
37.939993
37.874523
37.802942
37.725249
37.641858
37.556598
37.470407
37.383285
37.295231
37.206246
37.116329
37.025476
36.932088
36.834898
36.733906
36.629111
36.520515
36.408116
36.291915
36.171912
36.048107
35.920500
35.789091
35.653880
35.514866
35.372051
35.225433
35.075013
34.920791
34.762767
34.600941
34.435313
34.265883
34.092650
33.915616
33.734779
33.550140
33.361699
33.169456
32.973411
32.773564
32.569914
32.362463
32.151209
31.936153
31.717295
31.494636
31.268173
31.037909
30.803843
30.565974
30.324304
30.078831
29.829557
29.576480
29.319601
29.058919
28.794436
28.526151
28.254063
27.978174
27.704481
27.443022
27.193955
26.957279
26.732996
26.521104
26.321603
26.134494
25.959777
25.797451
25.647517
25.509975
25.384824
25.272065
25.171697
25.082932
24.982508
24.859632
24.714303
24.546521
24.357070
24.204003
24.123202
24.076416
24.033774
23.995277
23.960923
23.930714
23.904649
23.882729
23.864952
23.851320
23.841832
23.836489
23.835289
23.838234
23.845323
23.856556
23.871934
23.891455
23.915121
23.942932
23.974886
24.010985
24.051228
24.095615
24.144146
24.196822
24.253642
24.314606
24.379714
24.448967
24.522364
24.599905
24.681590
24.767419
24.857393
24.951511
25.049774
25.152180
25.258731
25.369426
25.484265
25.603248
25.726376
25.853648
25.985064
26.120625
26.260329
26.404178
26.552171
26.704309
26.860590
27.021016
27.185586
27.354301
27.527159
27.704162
27.885309
28.070600
28.260036
28.453616
28.651340
28.853208
29.059220
29.269377
29.483678
29.702123
29.924713
30.151446
30.382324
30.617346
30.856513
31.099823
31.347278
31.598877
31.854621
32.114508
32.378540
32.646716
32.919036
33.195501
33.476110
33.760863
34.049760
34.342802
34.639987
34.941317
35.246791
35.556410
35.870173
36.188080
36.510131
36.836326
37.166666
37.501150
37.839778
38.182550
38.529467
38.880528
39.235733
39.595082
39.958575
40.326213
40.697995
41.073922
41.453992
41.838207
42.226566
42.619069
43.015716
43.416508
43.821444
44.230524
44.643749
45.061117
45.482630
45.908287
46.338089
46.772034
47.210124
47.652358
48.098737
48.549259
49.003926
49.462737
49.925692
50.392792
50.863160
51.325351
51.775833
52.214606
52.641671
53.057027
53.460674
53.852612
54.232842
54.601362
54.958174
55.303277
55.636671
55.958357
56.268333
56.566601
56.853160
57.128011
57.391152
57.642585
57.882309
58.110324
58.326630
58.531227
58.724116
58.905296
59.074767
59.232529
59.378583
59.512927
59.635563
59.746490
59.845708
59.933218
60.009018
60.073110
60.125493
60.166168
60.195133
60.212390
60.217937
60.211776
60.193907
60.164328
60.123041
60.070045
60.005340
59.928926
59.840803
59.740972
59.629432
59.506183
59.371225
59.224559
59.066183
58.896099
58.714306
58.520804
58.315594
58.098674
57.870046
57.629709
57.377664
57.113909
56.838446
56.551274
56.252393
55.941803
55.619504
55.285497
54.939781
54.582356
54.213222
53.832379
53.439828
53.035568
52.619599
52.191921
51.752535
51.301439
50.838635
50.364122
49.877900
49.379970
48.870330
48.348982
47.815925
47.271160
46.714685
46.146502
45.566610
44.975009
44.371699
43.756680
43.129953
42.491517
41.841372
41.179518
40.505955
39.820684
39.135737
38.465101
37.808794
37.166818
36.539171
35.925854
35.326867
34.742210
34.171883
33.615885
33.074218
32.546880
32.033873
31.535195
31.050847
30.580829
30.125141
29.683783
29.256755
28.844057
28.445688
28.061650
27.691941
27.336562
26.995513
26.668794
26.356405
26.058346
25.774617
25.505218
25.250148
25.009408
24.782999
24.570919
24.373169
24.189749
24.020659
23.865899
23.725468
23.599368
23.487597
23.390157
23.307046
23.238265
23.183814
23.143693
23.117902
23.106440
23.109309
23.126508
23.158036
23.203894
23.264082
23.338600
23.427448
23.530626
23.648134
23.779972
23.926139
24.086637
24.261464
24.450621
24.654108
24.871925
25.104072
25.350549
25.611356
25.886492
26.175959
26.479755
26.797882
27.130338
27.477124
27.838240
28.213686
28.603461
29.007567
29.426003
29.858768
30.305863
30.767289
31.243044
31.733129
32.237544
32.756288
33.289363
33.836768
34.398502
34.974567
35.564961
36.169685
36.788739
37.422123
38.069837
38.731881
39.408254
40.098958
40.803991
41.523355
42.257048
43.005071
43.767424
44.544107
45.335120
46.140462
46.960135
47.794137