1000 1
0.000000
0.033404
0.070018
0.109709
0.152348
0.197803
0.245943
0.296638
0.349756
0.405167
0.462739
0.522342
0.583844
0.647115
0.712024
0.778440
0.846232
0.915269
0.985420
1.056554
1.128540
1.201248
1.274546
1.348303
1.422389
1.496672
1.571053
1.645504
1.720004
1.794537
1.869081
1.943620
2.018133
2.092602
2.167008
2.241333
2.315556
2.389660
2.463625
2.537433
2.611064
2.684500
2.757722
2.830711
2.903448
2.975914
3.048091
3.119959
3.191499
3.262693
3.333522
3.403967
3.474008
3.543628
3.612807
3.681526
3.749766
3.817509
3.884735
3.951426
4.017563
4.083127
4.148099
4.212460
4.276192
4.339274
4.401689
4.463418
4.524441
4.584741
4.644297
4.703092
4.761107
4.818322
4.874720
4.930281
4.984986
5.038817
5.091754
5.143780
5.194876
5.245021
5.294199
5.342390
5.389574
5.435735
5.480852
5.524906
5.567880
5.609754
5.650510
5.690128
5.728590
5.765878
5.801972
5.836853
5.870503
5.902904
5.934035
5.963879
5.992417
6.019629
6.045498
6.070004
6.093128
6.114853
6.135158
6.154025
6.171442
6.187430
6.202027
6.215270
6.227196
6.237842
6.247244
6.255440
6.262466
6.268361
6.273160
6.276900
6.279619
6.281354
6.282141
6.282017
6.281021
6.279187
6.276554
6.273159
6.269037
6.264228
6.258766
6.252690
6.246036
6.238841
6.231143
6.222978
6.214383
6.205395
6.196051
6.186389
6.176444
6.166255
6.155857
6.145289
6.134587
6.123787
6.112928
6.102045
6.091177
6.080359
6.069633
6.059056
6.048690
6.038598
6.028841
6.019482
6.010583
6.002206
5.994413
5.987263
5.980804
5.975085
5.970153
5.966058
5.962845
5.960564
5.959263
5.958989
5.959791
5.961716
5.964812
5.969124
5.974699
5.981582
5.989818
5.999453
6.010532
6.023103
6.037209
6.052896
6.070211
6.089198
6.109904
6.132374
6.156653
6.182788
6.210823
6.240805
6.272779
6.306790
6.342878
6.381057
6.421334
6.463719
6.508220
6.554845
6.603603
6.654502
6.707551
6.762758
6.820131
6.879680
6.941412
7.005335
7.071460
7.139793
7.210343
7.283120
7.358130
7.435383
7.514888
7.596651
7.680683
7.766992
7.855585
7.946472
8.039660
8.135159
8.232977
8.333121
8.435594
8.540365
8.647394
8.756642
8.868070
8.981638
9.097307
9.215038
9.334791
9.456528
9.580209
9.705805
9.833455
9.963158
10.094843
10.228438
10.363874
10.501079
10.639983
10.780514
10.922601
11.066174
11.211161
11.357492
11.505096
11.653901
11.803838
11.954834
12.106820
12.259724
12.413475
12.568002
12.723235
12.879102
13.035532
13.192455
13.349800
13.507496
13.665471
13.823656
13.981978
14.140367
14.298753
14.457064
14.615229
14.773177
14.930839
15.088149
15.245045
15.401465
15.557348
15.712630
15.867249
16.021144
16.174252
16.326511
16.477859
16.628233
16.777572
16.925812
17.072893
17.218751
17.363325
17.506552
17.648371
17.788718
17.927532
18.064751
18.200312
18.334153
18.466213
18.596427
18.724736
18.851076
18.975385
19.097601
19.217662
19.335506
19.451070
19.564292
19.675110
19.783462
19.889285
19.992518
20.093099
20.190964
20.286052
20.378301
20.467648
20.554031
20.637388
20.717658
20.794777
20.868683
20.939315
21.006609
21.070505
21.130939
21.187850
21.241175
21.290852
21.336822
21.379067
21.417597
21.452423
21.483557
21.511009
21.534790
21.554911
21.571383
21.584218
21.593426
21.599017
21.601005
21.599398
21.594208
21.585447
21.573124
21.557252
21.537842
21.514934
21.488593
21.458885
21.425874
21.389628
21.350210
21.307688
21.262126
21.213591
21.162148
21.107863
21.050801
20.991028
20.928610
20.863613
20.796101
20.726141
20.653799
20.579140
20.502229
20.423133
20.341917
20.258646
20.173387
20.086205
19.997166
19.906336
19.813779
19.719562
19.623750
19.526410
19.427606
19.327405
19.225872
19.123072
19.019072
18.913937
18.807732
18.700525
18.592406
18.483495
18.373911
18.263776
18.153211
18.042336
17.931271
17.820139
17.709069
17.598190
17.487634
17.377532
17.268014
17.159212
17.051255
16.944275
16.838403
16.733770
16.630505
16.528741
16.428608
16.330237
16.233758
16.139302
16.047000
15.956954
15.869225
15.783873
15.700957
15.620538
15.542674
15.467425
15.394850
15.325009
15.257961
15.193766
15.132483
15.074171
15.018891
14.966701
14.917661
14.871831
14.829269
14.790036
14.754191
14.721793
14.692901
14.667576
14.645876
14.627862
14.613592
14.603125
14.596523
14.593843
14.595145
14.600490
14.609935
14.623541
14.641368
14.663474
14.689919
14.720763
14.756064
14.795883
14.840279
14.889311
14.943039
15.001522
15.064820
15.132993
15.206098
15.284197
15.367348
15.455612
15.549045
15.647655
15.751377
15.860145
15.973891
16.092547
16.216045
16.344318
16.477297
16.614917
16.757107
16.903802
17.054933
17.210433
17.370234
17.534268
17.702468
17.874765
18.051093
18.231383
18.415569
18.603581
18.795353
18.990817
19.189905
19.392550
19.598683
19.808239
20.021157
20.237377
20.456842
20.679492
20.905269
21.134114
21.365968
21.600772
21.838458
22.078900
22.321939
22.567422
22.815192
23.065093
23.316969
23.570666
23.826026
24.082895
24.341116
24.600534
24.860994
25.122338
25.384412
25.647059
25.910124
26.173452
26.436886
26.700270
26.963450
27.226268
27.488570
27.750199
28.011001
28.270818
28.529495
28.786877
29.042808
29.297132
29.549693
29.800335
30.048903
30.295241
30.539194
30.780604
31.019317
31.255179
31.488075
31.717943
31.944721
32.168348
32.388762
32.605903
32.819708
33.030116
33.237067
33.440499
33.640350
33.836560
34.029067
34.217809
34.402726
34.583756
34.760838
34.933911
35.102912
35.267782
35.428458
35.584880
35.736986
35.884714
36.028004
36.166795
36.301024
36.430630
36.555553
36.675731
36.791103
36.901607
37.007182
37.107767
37.203300
37.293721
37.378967
37.458978
37.533693
37.603049
37.666986
37.725443
37.778357
37.825669
37.867316
37.903237
37.933372
37.957658
37.976034
37.988439
37.994812
37.995092
37.989216
37.977125
37.958756
37.934048
37.902941
37.865372
37.821280
37.770605
37.713284
37.649259
37.578571
37.501391
37.417898
37.328270
37.232689
37.131333
37.024380
36.912005
36.794355
36.671575
36.543808
36.411199
36.273891
36.132029
35.985756
35.835216
35.680554
35.521912
35.359436
35.193269
35.023556
34.850439
34.674063
34.494573
34.312111
34.126822
33.938850
33.748339
33.555433
33.360275
33.163011
32.963783
32.762735
32.560012
32.355758
32.150117
31.943231
31.735247
31.526306
31.316554
31.106135
30.895192
30.683869
30.472310
30.260659
30.049061
29.837658
29.626596
29.416018
29.206068
28.996889
28.788627
28.581424
28.375426
28.170775
27.967616
27.766097
27.566400
27.368714
27.173231
26.980144
26.789643
26.601919
26.417165
26.235571
26.057329
25.882631
25.711667
25.544630
25.381711
25.223101
25.068991
24.919481
24.774472
24.633842
24.497466
24.365224
24.237938
24.119018
24.011506
23.915788
23.831701
23.759083
23.697773
23.647609
23.608428
23.580070
23.562371
23.555170
23.558305
23.571615
23.594936
23.628109
23.670969
23.723356
23.785108
23.856063
23.936058
24.024932
24.122524
24.228670
24.343210
24.465981
24.596821
24.735569
24.882062
25.036139
25.197638
25.366396
25.542253
25.725045
25.914612
26.110790
26.313419
26.522337
26.737380
26.958389
27.185200
27.417652
27.655582
27.898830
28.147232
28.400628
28.658854
28.921750
29.189154
29.460903
29.736835
30.016789
30.300603
30.588114
30.879162
31.173583
31.471217
31.771901
32.075473
32.381771
32.690634
33.001899
33.315405
33.630990
33.948491
34.267748
34.588597
34.910877
35.234427
35.559084
35.884686
36.211072
36.538079
36.865546
37.193311
37.521211
37.849085
38.176771
38.504108
38.830932
39.157083
39.482398
39.806716
40.129874
40.451710
40.772064
41.090772
41.407673
41.722605
42.035406
42.345915
42.653968
42.959405
43.262063
43.561781
43.858397
44.151748
44.441673
44.728010
45.010596
45.289271
45.563872
45.834238
46.100205
46.361613
46.618300
46.870103
47.116861
47.358412
47.594593
47.825244
48.050201
48.269304
48.482390
48.689297
48.889864
49.083928
49.271328
49.451902
49.625487
49.791922
49.951045
50.102694
50.246708
50.382923
50.511179
50.631314
50.743166
50.846681
50.941963
51.029133
51.108309
51.179611
51.243159
51.299072
51.347470
51.388471
51.422197
51.448765
51.468297
51.480910
51.486725
51.485861
51.478438
51.464575
51.444391
51.418007
51.385541
51.347113
51.302843
51.252850
51.197254
51.136174
51.069729
50.998039
50.921225
50.839404
50.752696
50.661222
50.565101
50.464451
50.359393
50.250047
50.136530
50.018964
49.897468
49.772160
49.643161
49.510590
49.374567
49.235211
49.092641
48.946978
48.798340
48.646847
48.492619
48.335774
48.176434
48.014716
47.850741
47.684628
47.516496
47.346466
47.174656
47.001186
46.826176
46.649744
46.472012
46.293097
46.113120
45.932199
45.750456
45.568008
45.384976
45.201479
45.017636
44.833568
44.649393
44.465231
44.281201
44.097424
43.914018
43.731103
43.548799
43.367224
43.186499
43.006743
42.828076
42.650616
42.474485
42.299800
42.126681
41.955249
41.785622
41.617920
41.452262
41.288769
41.127559
40.968751
40.812467
40.658824
40.507943
40.359943
40.214943
40.073063
39.934423
39.799142
39.667323
39.538998
39.414179
39.292877
39.175104
39.060871
38.950189
38.843071
38.739527
38.639570
38.543211
38.450460
38.361331
38.275833
38.193979
38.115781
38.041250
37.970396
37.903233
37.839770
37.780021
37.723996
37.671707
37.623165
37.578382
37.537369
37.500138
37.466701
37.437068
37.411252
37.389263
37.371114
37.356816
37.346381
37.339819
37.337143
37.338364
37.343493
37.352542
37.365523
37.382446
37.403324
37.428169
37.456990
37.489801
37.526612
37.567435
37.612282
37.661164
37.714093
37.771079
37.832135
37.897272
37.966502
38.039836
38.117286
38.198862
38.284578
38.374443
38.468470
38.566670
38.669055
38.775637
38.886425
39.001433
39.120672
39.244153
39.371888
39.503888
39.640165
39.780730
39.925594
40.074770
40.228269
40.386102
40.548281
40.714817
40.885722
41.061008
41.240685
41.424765
41.613261
41.806182
42.003542
42.205351
42.411621
42.622363
42.837590
43.057311
43.281540
43.510287
43.743564
43.981382
44.223753
44.470689
44.722201
44.978300
45.238999
45.504308
45.774238
46.048803
46.328012
46.611878
46.900412
47.193626
47.491530
47.794137