1000 1
-0.040923
0.073005
0.179735
0.279812
0.373757
0.462067
0.545212
0.623642
0.697782
0.768037
0.834790
0.898403
0.959218
1.017559
1.073730
1.128019
1.180694
1.232008
1.282197
1.331481
1.380066
1.428142
1.475886
1.523462
1.571020
1.618697
1.666618
1.714898
1.763641
1.812937
1.862869
1.913511
1.964924
2.017163
2.070273
2.124293
2.179251
2.235171
2.292068
2.349950
2.408821
2.468677
2.529508
2.591302
2.654039
2.717694
2.782241
2.847646
2.913873
2.980884
3.048635
3.117081
3.186173
3.255861
3.326090
3.396806
3.467951
3.539468
3.611296
3.683373
3.755638
3.828027
3.900476
3.972922
4.045300
4.117546
4.189594
4.261381
4.332841
4.403912
4.474531
4.544634
4.614161
4.683050
4.751243
4.818679
4.885303
4.951058
5.015889
5.079744
5.142571
5.204320
5.264944
5.324394
5.382629
5.439603
5.495278
5.549614
5.602574
5.654125
5.704233
5.752869
5.800003
5.845611
5.889669
5.932154
5.973048
6.012334
6.049998
6.086026
6.120408
6.153137
6.184207
6.213615
6.241359
6.267441
6.291864
6.314634
6.335758
6.355246
6.373111
6.389366
6.404028
6.417116
6.428650
6.438651
6.447145
6.454158
6.459718
6.463855
6.466601
6.467989
6.468055
6.466836
6.464371
6.460700
6.455864
6.449906
6.442873
6.434809
6.425762
6.415781
6.404915
6.393216
6.380736
6.367528
6.353647
6.339147
6.324085
6.308518
6.292503
6.276099
6.259364
6.242359
6.225144
6.207780
6.190327
6.172847
6.155402
6.138054
6.120865
6.103898
6.087215
6.070878
6.054950
6.039493
6.024570
6.010243
5.996573
5.983621
5.971449
5.960117
5.949686
5.940215
5.931764
5.924389
5.918151
5.913104
5.909307
5.906813
5.905678
5.905955
5.907697
5.910956
5.915783
5.922226
5.930334
5.940155
5.951734
5.965116
5.980346
5.997464
6.016513
6.037530
6.060555
6.085624
6.112772
6.142032
6.173438
6.207018
6.242802
6.280818
6.321091
6.363645
6.408503
6.455684
6.505208
6.557093
6.611353
6.668002
6.727053
6.788515
6.852396
6.918704
6.987443
7.058615
7.132223
7.208265
7.286739
7.367640
7.450962
7.536698
7.624836
7.715367
7.808275
7.903546
8.001163
8.101107
8.203357
8.307891
8.414685
8.523712
8.634946
8.748356
8.863911
8.981579
9.101326
9.223115
9.346909
9.472669
9.600353
9.729919
9.861324
9.994521
10.129465
10.266107
10.404397
10.544284
10.685716
10.828639
10.972997
11.118736
11.265797
11.414121
11.563649
11.714320
11.866073
12.018843
12.172568
12.327181
12.482618
12.638812
12.795696
12.953200
13.111256
13.269795
13.428746
13.588038
13.747599
13.907359
14.067243
14.227180
14.387096
14.546917
14.706570
14.865981
15.025074
15.183777
15.342014
15.499711
15.656793
15.813187
15.968816
16.123608
16.277489
16.430384
16.582220
16.732925
16.882425
17.030648
17.177522
17.322977
17.466942
17.609347
17.750121
17.889198
18.026509
18.161988
18.295567
18.427183
18.556771
18.684267
18.809610
18.932739
19.053594
19.172115
19.288247
19.401931
19.513115
19.621743
19.727765
19.831128
19.931784
20.029686
20.124787
20.217041
20.306408
20.392844
20.476310
20.556768
20.634183
20.708518
20.779743
20.847825
20.912736
20.974449
21.032938
21.088181
21.140155
21.188842
21.234224
21.276286
21.315015
21.350399
21.382429
21.411098
21.436401
21.458336
21.476901
21.492098
21.503930
21.512404
21.517527
21.519309
21.517762
21.512902
21.504743
21.493306
21.478610
21.460680
21.439540
21.415219
21.387744
21.357149
21.323467
21.286734
21.246988
21.204270
21.158621
21.110088
21.058715
21.004551
20.947648
20.888057
20.825833
20.761033
20.693715
20.623940
20.551769
20.477267
20.400500
20.321535
20.240443
20.157293
20.072160
19.985117
19.896241
19.805609
19.713301
19.619397
19.523981
19.427134
19.328943
19.229494
19.128874
19.027172
18.924478
18.820883
18.716480
18.611362
18.505623
18.399358
18.292663
18.185635
18.078371
17.970971
17.863532
17.756155
17.648939
17.541985
17.435394
17.329267
17.223706
17.118812
17.014687
16.911434
16.809155
16.707951
16.607924
16.509177
16.411810
16.315926
16.221625
16.129007
16.038172
15.949220
15.862250
15.777360
15.694647
15.614208
15.536139
15.460533
15.387486
15.317089
15.249434
15.184611
15.122709
15.063816
15.008018
14.955400
14.906045
14.860034
14.817448
14.778364
14.742860
14.711009
14.682885
14.658558
14.638096
14.621567
14.609035
14.600562
14.596208
14.596030
14.600086
14.608426
14.621102
14.638162
14.659651
14.685612
14.716086
14.751109
14.790717
14.834942
14.883813
14.937357
14.995596
15.058552
15.126241
15.198680
15.275880
15.357848
15.444591
15.536112
15.632409
15.733478
15.839314
15.949905
16.065239
16.185299
16.310066
16.439516
16.573623
16.712359
16.855690
17.003581
17.155993
17.312884
17.474208
17.639916
17.809957
17.984276
18.162814
18.345510
18.532300
18.723117
18.917889
19.116542
19.319001
19.525185
19.735011
19.948394
20.165246
20.385475
20.608987
20.835685
21.065469
21.298237
21.533884
21.772302
22.013383
22.257012
22.503076
22.751457
23.002036
23.254691
23.509298
23.765733
24.023867
24.283571
24.544712
24.807159
25.070777
25.335428
25.600975
25.867279
26.134200
26.401595
26.669322
26.937237
27.205194
27.473049
27.740655
28.007864
28.274530
28.540504
28.805637
29.069782
29.332789
29.594510
29.854796
30.113499
30.370470
30.625562
30.878628
31.129521
31.378096
31.624208
31.867712
32.108466
32.346329
32.581160
32.812821
33.041174
33.266084
33.487416
33.705039
33.918824
34.128642
34.334367
34.535877
34.733051
34.925770
35.113920
35.297386
35.476059
35.649833
35.818602
35.982267
36.140730
36.293897
36.441677
36.583982
36.720731
36.851841
36.977239
37.096850
37.210608
37.318449
37.420311
37.516140
37.605883
37.689494
37.766930
37.838152
37.903126
37.961822
38.014216
38.060288
38.100022
38.133406
38.160436
38.181109
38.195428
38.203402
38.205044
38.200372
38.189407
38.172178
38.148716
38.119058
38.083246
38.041327
37.993351
37.939375
37.879459
37.813668
37.742072
37.664745
37.581766
37.493218
37.399189
37.299769
37.195055
37.085146
36.970148
36.850166
36.725314
36.595706
36.461461
36.322702
36.179554
36.032146
35.880610
35.725080
35.565695
35.402595
35.235921
35.065821
34.892440
34.715928
34.536436
34.354116
34.169122
33.981611
33.791738
33.599660
33.405535
33.209522
33.011780
32.812466
32.611739
32.409758
32.206680
32.002661
31.797857
31.592422
31.386509
31.180269
30.973851
30.767401
30.561063
30.354981
30.149291
29.944129
29.739628
29.535916
29.333118
29.131354
28.930739
28.731387
28.533404
28.336891
28.141945
27.948657
27.757113
27.567393
27.379570
27.193712
27.009880
26.828128
26.648504
26.471048
26.295795
26.122770
25.951993
25.783475
25.617219
25.453223
25.291474
25.131953
24.974632
24.819475
24.666439
24.515471
24.366512
24.219493
24.074339
23.930964
23.789276
23.649175
23.510552
23.373291
23.237268
23.102351
22.968403
22.835277
22.702820
22.570872
22.439267
22.307833
22.176391
22.044757
21.912742
21.780152
21.646788
21.512448
21.376925
21.240010
21.101491
20.961152
20.818780
20.674157
20.527067
20.377292
20.224617
20.068828
19.909714
19.747067
19.580683
19.410362
19.235912
19.057144
18.873881
18.685952
18.493194
18.295458
18.092604
17.884507
17.671053
17.452145
17.227701
16.997656
16.761966
16.520603
16.273563
16.020862
15.762543
15.498670
15.229336
14.954661
14.674795
14.389918
14.100241
13.806011
13.507509
13.205052
12.898996
12.589735
12.277708
11.963393
11.647314
11.330041
11.012191
10.694430
10.377474
10.062093
9.749110
9.439402
9.133903
8.833607
8.539565
8.252891
7.974762
7.706417
7.449162
7.204368
6.973475
6.757991
6.559497
6.379642
6.220148
6.082811
5.969502
5.882166
5.822823
5.793571
5.796583
5.834111
5.908484
6.022110
6.177472
6.377134
6.623736
6.919996
7.268710
7.672748
8.135058
8.658660
9.246649
9.902193
10.628528
11.428962
12.306865
13.265677
14.308897
15.440084
16.662854
17.980876
19.397870
20.917600
22.543874
24.280537
26.131468
28.100573
30.191782
32.409040
34.756305
37.237539
39.856703
42.617746
45.524602
48.581180
51.791356
55.158962
58.687781
62.381531
66.243863
70.278341
74.488438
78.877522
83.448840
88.205513
93.150513
98.286659
103.616593
109.142773
114.867452
120.792664
126.920206
133.251622
139.788182
146.530868
153.480349
160.636965
168.000703
175.571180
183.347616
191.328813
199.513132
207.898471
216.482232
225.261307
234.232040
243.390210
252.730994
262.248946
271.937964
281.791261
291.801332
301.959927
312.258016
322.685755
333.232457
343.886552
354.635557
365.466039
376.363577
387.312729
398.296990
409.298759
420.299296
431.278687
442.215801
453.088252
463.872359
474.543105
485.074092
495.437508
505.604075
515.543016
525.222007
534.607139
543.662870
552.351991
560.635577
568.472948
575.821626
582.637296
588.873763
594.482911
599.414667
603.616957
607.035672
609.614627
611.295530
612.017942
611.719244
610.334610
607.796971
604.036987
598.983026
592.561132
584.695007
575.305993
564.313052
551.632753
537.179264
520.864343
502.597333
482.285166
459.832366
435.141060
408.110988
378.639530
346.621721
311.950291
274.515696
234.206162
190.907739
144.504352
94.877873
41.908190
-14.526708
-74.550644
-138.289147
-205.869345
-277.419840
-353.070580
-432.952710
-517.198416
-605.940758
-699.313483
-797.450828
-900.487306
-1008.557481
-1121.795719
-1240.335926
-1364.311268
-1493.853870
-1629.094499
-1770.162221
-1917.184039
-2070.284510
-2229.585335
-2395.204926
-2567.257948
-2745.854829
-2931.101253
-3123.097607
-3321.938414
-3527.711723
-3740.498471
-3960.371807
-4187.396385
-4421.627610
-4663.110858
-4911.880641
-5167.959742
-5431.358296
-5702.072835
-5980.085272
-6265.361849
-6557.852027
-6857.487318
-7164.180072
-7477.822197
-7798.283821
-8125.411895
-8459.028728
-8798.930453
-9144.885430
-9496.632569
-9853.879582
-10216.301155
-10583.537042
-10955.190073
-11330.824073
-11709.961696
-12092.082163
-12476.618902
-12862.957088
-13250.431084
-13638.321767
-14025.853747
-14412.192472
-14796.441209
-15177.637907
-15554.751925
-15926.680636
-16292.245888
-16650.190325
-16999.173562
-17337.768208
-17664.455736
-17977.622178
-18275.553673
-18556.431824
-18818.328882
-19059.202750
-19276.891786
-19469.109418
-19633.438549
-19767.325752
-19868.075247
-19932.842657
-19958.628525
-19942.271598
-19880.441857
-19769.633298
-19606.156439
-19386.130569
-19105.475703
-18759.904251
-18344.912392
-17855.771134
-17287.517054
-16634.942717
-15892.586750
-15054.723567
-14115.352731
-13068.187957
-11906.645710
-10623.833430
-9212.537335
-7665.209811
-5973.956364
-4130.522134
-2126.277941
47.794137