1000 1
0.000000
0.050467
0.101766
0.153902
0.206868
0.260657
0.315270
0.370699
0.426937
0.483981
0.541814
0.600428
0.659818
0.719967
0.780866
0.842496
0.904847
0.967900
1.031641
1.096053
1.161115
1.226810
1.293117
1.360015
1.427482
1.495497
1.564036
1.633074
1.702588
1.772551
1.842937
1.913720
1.984872
2.056366
2.128172
2.200262
2.272605
2.345171
2.417932
2.490853
2.563905
2.637056
2.710272
2.783523
2.856775
2.929994
3.003149
3.076205
3.149128
3.221886
3.294443
3.366767
3.438824
3.510579
3.581999
3.653050
3.723698
3.793911
3.863654
3.932896
4.001602
4.069740
4.137279
4.204187
4.270431
4.335981
4.400807
4.464878
4.528165
4.590638
4.652270
4.713032
4.772897
4.831839
4.889831
4.946849
5.002869
5.057866
5.111818
5.164703
5.216500
5.267189
5.316750
5.365165
5.412417
5.458490
5.503367
5.547035
5.589481
5.630691
5.670655
5.709363
5.746806
5.782976
5.817867
5.851472
5.883787
5.914810
5.944538
5.972971
6.000109
6.025954
6.050508
6.073776
6.095763
6.116476
6.135922
6.154111
6.171054
6.186761
6.201246
6.214522
6.226606
6.237513
6.247262
6.255871
6.263361
6.269753
6.275070
6.279336
6.282575
6.284815
6.286081
6.286404
6.285811
6.284335
6.282005
6.278857
6.274922
6.270237
6.264836
6.258757
6.252037
6.244715
6.236831
6.228425
6.219538
6.210213
6.200491
6.190417
6.180035
6.169391
6.158529
6.147496
6.136338
6.125104
6.113841
6.102598
6.091423
6.080366
6.069476
6.058803
6.048398
6.038310
6.028592
6.019292
6.010464
6.002157
5.994423
5.987313
5.980878
5.975169
5.970238
5.966134
5.962909
5.960613
5.959296
5.959008
5.959798
5.961715
5.964808
5.969124
5.974711
5.981617
5.989887
5.999566
6.010701
6.023335
6.037511
6.053273
6.070661
6.089718
6.110482
6.132992
6.157287
6.183403
6.211376
6.241242
6.273032
6.306780
6.342517
6.380273
6.420075
6.461953
6.505930
6.552032
6.600282
6.650702
6.703311
6.758129
6.815173
6.874459
6.936000
6.999809
7.065898
7.134275
7.204948
7.277924
7.353206
7.430798
7.510700
7.592913
7.677432
7.764256
7.853376
7.944787
8.038478
8.134438
8.232655
8.333115
8.435800
8.540692
8.647772
8.757018
8.868407
8.981914
9.097511
9.215170
9.334862
9.456553
9.580210
9.705799
9.833281
9.962618
10.093770
10.226696
10.361351
10.497690
10.635667
10.775234
10.916342
11.058938
11.202971
11.348387
11.495131
11.643145
11.792372
11.942754
12.094228
12.246734
12.400209
12.554589
12.709809
12.865803
13.022504
13.179843
13.337752
13.496160
13.654998
13.814194
13.973675
14.133369
14.293202
14.453099
14.612987
14.772790
14.932433
15.091839
15.250932
15.409635
15.567872
15.725566
15.882639
16.039014
16.194614
16.349361
16.503179
16.655991
16.807720
16.958289
17.107622
17.255643
17.402277
17.547450
17.691086
17.833111
17.973454
18.112041
18.248801
18.383663
18.516557
18.647414
18.776166
18.902745
19.027087
19.149127
19.268800
19.386044
19.500799
19.613004
19.722602
19.829535
19.933749
20.035189
20.133803
20.229541
20.322353
20.412192
20.499014
20.582773
20.663429
20.740942
20.815273
20.886386
20.954248
21.018826
21.080091
21.138014
21.192569
21.243733
21.291485
21.335806
21.376677
21.414086
21.448018
21.478464
21.505416
21.528868
21.548818
21.565264
21.578208
21.587654
21.593607
21.596078
21.595077
21.590618
21.582716
21.571390
21.556661
21.538552
21.517088
21.492298
21.464212
21.432864
21.398287
21.360520
21.319603
21.275578
21.228490
21.178385
21.125314
21.069326
21.010476
20.948820
20.884416
20.817325
20.747607
20.675329
20.600557
20.523358
20.443805
20.361968
20.277923
20.191746
20.103514
20.013309
19.921210
19.827303
19.731670
19.634400
19.535580
19.435299
19.333649
19.230722
19.126612
19.021413
18.915221
18.808134
18.700251
18.591670
18.482491
18.372817
18.262749
18.152390
18.041843
17.931213
17.820604
17.710122
17.599872
17.489960
17.380493
17.271576
17.163317
17.055823
16.949200
16.843554
16.738993
16.635623
16.533549
16.432878
16.333715
16.236164
16.140330
16.046315
15.954224
15.864158
15.776218
15.690505
15.607117
15.526153
15.447710
15.371884
15.298768
15.228457
15.161042
15.096613
15.035259
14.977067
14.922122
14.870507
14.822306
14.777597
14.736458
14.698965
14.665193
14.635213
14.609094
14.586905
14.568709
14.554570
14.544547
14.538700
14.537083
14.539749
14.546748
14.558129
14.573935
14.594209
14.618992
14.648318
14.682223
14.720736
14.763888
14.811701
14.864200
14.921402
14.983325
15.049981
15.121380
15.197531
15.278436
15.364096
15.454511
15.549673
15.649574
15.754204
15.863547
15.977585
16.096298
16.219660
16.347645
16.480223
16.617359
16.759016
16.905156
17.055734
17.210705
17.370020
17.533627
17.701470
17.873491
18.049629
18.229820
18.413998
18.602091
18.794028
18.989733
19.189127
19.392130
19.598658
19.808624
20.021940
20.238514
20.458253
20.681059
20.906834
21.135477
21.366885
21.600952
21.837570
22.076629
22.318018
22.561622
22.807327
23.055014
23.304564
23.555857
23.808769
24.063177
24.318954
24.575975
24.834111
25.093233
25.353209
25.613908
25.875198
26.136946
26.399016
26.661273
26.923583
27.185809
27.447814
27.709461
27.970612
28.231131
28.490880
28.749720
29.007514
29.264126
29.519417
29.773251
30.025491
30.276002
30.524649
30.771296
31.015810
31.258058
31.497908
31.735230
31.969893
32.201770
32.430734
32.656657
32.879418
33.098892
33.314960
33.527501
33.736400
33.941539
34.142807
34.340092
34.533285
34.722280
34.906971
35.087257
35.263038
35.434218
35.600702
35.762398
35.919217
36.071075
36.217886
36.359572
36.496055
36.627262
36.753120
36.873564
36.988527
37.097950
37.201774
37.299945
37.392413
37.479129
37.560051
37.635138
37.704353
37.767663
37.825041
37.876459
37.921896
37.961334
37.994760
38.022163
38.043536
38.058877
38.068187
38.071471
38.068739
38.060004
38.045282
38.024595
37.997967
37.965426
37.927007
37.882744
37.832678
37.776854
37.715320
37.648127
37.575332
37.496994
37.413177
37.323946
37.229374
37.129535
37.024506
36.914370
36.799212
36.679119
36.554186
36.424507
36.290181
36.151311
36.008002
35.860363
35.708506
35.552545
35.392600
35.228790
35.061240
34.890076
34.715427
34.537427
34.356208
34.171908
33.984667
33.794627
33.601931
33.406726
33.209160
33.009384
32.807549
32.603810
32.398322
32.191242
31.982730
31.772946
31.562052
31.350209
31.137582
30.924336
30.710637
30.496651
30.282546
30.068489
29.854650
29.641196
29.428297
29.216123
29.004841
28.794623
28.585636
28.378049
28.172032
27.967751
27.765375
27.565069
27.367000
27.171332
26.978230
26.787855
26.600370
26.415934
26.234706
26.056842
25.882499
25.711830
25.544986
25.382117
25.223370
25.068891
24.918823
24.773306
24.632479
24.496476
24.365432
24.239475
24.118733
24.003331
23.893389
23.789025
23.690354
23.597488
23.510535
23.429599
23.354782
23.286180
23.223888
23.167995
23.118589
23.075750
23.039557
23.010085
22.987404
22.971579
22.962673
22.960742
22.965842
22.978019
22.997320
23.023783
23.057445
23.098337
23.146486
23.201913
23.264635
23.334667
23.412016
23.496685
23.588674
23.687976
23.794581
23.908475
24.029637
24.158042
24.293662
24.436462
24.586404
24.743443
24.907534
25.078622
25.256651
25.441557
25.633277
25.831739
26.036866
26.248579
26.466794
26.691421
26.922368
27.159541
27.402832
27.652139
27.907352
28.168356
28.435034
28.707265
28.984918
29.267871
29.555986
29.849132
30.147160
30.449923
30.757286
31.069094
31.385193
31.705409
32.029612
32.357621
32.689265
33.024401
33.362837
33.704374
34.048881
34.396162
34.746051
35.098324
35.452824
35.809354
36.167736
36.527806
36.889287
37.252090
37.615939
37.980695
38.346088
38.712013
39.078203
39.444501
39.810621
40.176423
40.541823
40.906427
41.270089
41.632686
41.993986
42.353701
42.711706
43.067689
43.421842
43.773346
44.122507
44.468911
44.812530
45.152706
45.490043
45.823499
46.153628
46.479740
46.801828
47.119541
47.432867
47.741858
48.046029
48.345034
48.639038
48.927869
49.211355
49.489065
49.760781
50.027361
50.287035
50.541105
50.788187
51.029409
51.263711
51.491198
51.711799
51.925718
52.131791
52.330953
52.523267
52.708317
52.883801
53.053766
53.214607
53.368427
53.513728
53.651094
53.780356
53.902839
54.014012
54.118226
54.217166
54.302946
54.382847
54.453394
54.515992
54.569762
54.615362
54.650429
54.680331
54.698402
54.710700
54.716064
54.705872
54.691875
54.667836
54.632374
54.594224
54.544397
54.484949
54.417252
54.341758
54.266711
54.176252
54.066847
53.964670
53.858560
53.727400
53.596766
53.460226
53.324344
53.151260
52.989075
52.821843
52.659242
52.459845
52.270345
52.079557
51.872656
51.661715
51.440736
51.233827
51.005717
50.767587
50.528911
50.291029
50.040946
49.773635
49.509117
49.264446
49.007568
48.675421
48.423914
48.145030
47.794580
47.540874
47.284425
46.974169
46.607881
46.396273
46.060107
45.737981
45.438088
45.143661
44.779070
44.481625
44.178126
43.831522
43.524158
43.225960
42.938843
42.609029
42.247037
41.948513
41.637457
41.261445
41.049875
40.708241
40.364006
40.091339
39.748942
39.401664
39.135886
38.899858
38.460852
38.206877
38.186337
37.747173
37.263837
37.169584
36.729161
36.718655
36.333105
36.081590
35.710792
35.650637
35.367356
34.959404
34.992260
34.407470
34.094484
34.511081
34.387863
34.188233
33.147564
33.713983
33.736236
32.872456
33.042356
32.827797
33.558263
32.815514
32.372112
33.046022
32.724583
32.451471
32.019675
32.216993
31.628777
31.496549
32.870092
31.443054
32.005069
32.672612
31.669834
31.504889
35.377489
31.315016
35.198520
33.398272
33.436986
33.150302
34.296366
33.912732
33.907609
31.076922
30.378014
34.292732
39.684267
34.486356
34.552541
34.355671
34.975134
40.097123
39.646766
36.233545
36.678348
44.997374
43.069345
36.560904
32.985453
42.400467
32.862522
42.488835
41.682170
33.911240
42.778643
48.231007
45.390221
57.966300
36.160728
42.859612
61.431682
47.318091
46.238778
55.921039
27.075685
38.789096
68.280900
49.227819
50.706187
37.904655
52.205251
47.180358
58.019621
44.736406
60.238230
67.175575
47.881668
59.712529
43.650695
55.864169
53.795969
52.610092
52.097054
50.713783
49.685482
47.794137