1000 1
0.000000
0.059755
0.119509
0.179264
0.239019
0.298773
0.358528
0.418282
0.478037
0.537792
0.597546
0.657301
0.717056
0.776810
0.836565
0.896320
0.956074
1.015829
1.075583
1.135338
1.195093
1.254847
1.314602
1.374357
1.434111
1.495990
1.566780
1.637571
1.708361
1.779151
1.849941
1.920732
1.991522
2.062312
2.133102
2.203893
2.274683
2.345473
2.416264
2.487054
2.557844
2.628634
2.699425
2.770215
2.841005
2.911795
2.982586
3.053376
3.124166
3.194956
3.265747
3.336537
3.407327
3.478117
3.548908
3.619698
3.690488
3.761278
3.832069
3.902859
3.973649
4.044439
4.115230
4.186020
4.256810
4.327600
4.398391
4.451425
4.493897
4.536368
4.578839
4.621311
4.663782
4.706254
4.748725
4.791196
4.833668
4.876139
4.918611
4.961082
5.003553
5.046025
5.088496
5.130968
5.173439
5.215910
5.258382
5.300853
5.343325
5.385796
5.428268
5.470739
5.513210
5.555682
5.598153
5.640625
5.683096
5.725567
5.768039
5.810510
5.852982
5.895453
5.937924
5.980396
6.022867
6.065339
6.107810
6.150281
6.155234
6.153400
6.151567
6.149733
6.147899
6.146065
6.144231
6.142397
6.140563
6.138729
6.136895
6.135061
6.133227
6.131394
6.129560
6.127726
6.125892
6.124058
6.122224
6.120390
6.118556
6.116722
6.114888
6.113054
6.111220
6.109387
6.107553
6.105719
6.103885
6.102051
6.100217
6.098383
6.096549
6.094715
6.092881
6.091047
6.089213
6.087380
6.085546
6.083712
6.081878
6.080044
6.070729
6.061141
6.051553
6.041965
6.032377
6.022789
6.013201
6.003613
5.995248
5.992117
5.988986
5.985854
5.982723
5.979592
5.976460
5.973329
5.970198
5.967067
5.963935
5.964137
5.981240
5.998343
6.015446
6.032550
6.049653
6.066756
6.083859
6.100962
6.118066
6.135169
6.152272
6.169375
6.186478
6.203582
6.220685
6.237788
6.254891
6.271994
6.289098
6.307861
6.375399
6.442936
6.510473
6.578011
6.645548
6.713085
6.780622
6.848160
6.915697
6.983234
7.050772
7.118309
7.185846
7.253384
7.320921
7.388458
7.455996
7.523533
7.591070
7.658608
7.726145
7.793682
7.861219
7.928757
7.996294
8.063831
8.131369
8.198906
8.266443
8.333981
8.446825
8.560852
8.674878
8.788905
8.902931
9.016957
9.130984
9.245010
9.359037
9.473063
9.587089
9.710009
9.858978
10.007947
10.156915
10.305884
10.454853
10.603821
10.752790
10.901758
11.050727
11.199696
11.348664
11.497633
11.646602
11.795570
11.944539
12.093507
12.242476
12.391445
12.540413
12.689382
12.838351
12.987319
13.136288
13.285257
13.434225
13.583194
13.732162
13.881131
14.030100
14.179068
14.328037
14.477006
14.625974
14.774943
14.899056
15.016946
15.134836
15.252726
15.370616
15.488506
15.606396
15.724286
15.842176
15.960066
16.077956
16.195846
16.313736
16.431626
16.549516
16.667406
16.785296
16.903185
17.021075
17.138965
17.256855
17.374745
17.492635
17.610525
17.728415
17.846305
17.964195
18.082085
18.199975
18.317865
18.435755
18.553645
18.671535
18.789425
18.907315
19.025205
19.143095
19.260985
19.378875
19.496765
19.614655
19.732545
19.850435
19.968325
20.086215
20.204105
20.321995
20.439885
20.557775
20.675665
20.793555
20.911445
21.029335
21.147225
21.265115
21.316462
21.329748
21.343034
21.356320
21.369606
21.382892
21.396178
21.409465
21.422751
21.436037
21.449323
21.462609
21.475895
21.489181
21.502467
21.515753
21.529040
21.542326
21.510596
21.438953
21.367310
21.295667
21.224024
21.152381
21.080737
21.009094
20.937451
20.865808
20.794165
20.722522
20.650879
20.579236
20.507593
20.435950
20.364307
20.292664
20.221021
20.149378
20.077734
20.006091
19.934448
19.862805
19.791162
19.719519
19.647876
19.576233
19.504590
19.432947
19.361304
19.289661
19.218018
19.146374
19.074731
19.003088
18.931445
18.859802
18.788159
18.699501
18.589731
18.479961
18.370190
18.260420
18.150650
18.040880
17.931110
17.825612
17.720693
17.615774
17.510855
17.405937
17.301018
17.196099
17.091180
16.986261
16.881342
16.776423
16.671504
16.566585
16.461666
16.356747
16.251828
16.146909
16.077194
16.065792
16.054390
16.042988
16.031586
16.020184
16.008782
15.997380
15.985978
15.974576
15.963173
15.951771
15.940369
15.928967
15.917565
15.906163
15.894761
15.883359
15.871957
15.860554
15.849152
15.837750
15.826348
15.814946
15.803544
15.792142
15.780740
15.769338
15.757935
15.746533
15.735131
15.723729
15.712327
15.700925
15.689523
15.678121
15.666719
15.655316
15.643914
15.632512
15.621110
15.609708
15.598306
15.586904
15.575502
15.564100
15.552697
15.541295
15.529893
15.518491
15.572689
15.727663
15.882637
16.037611
16.192585
16.347559
16.502533
16.657507
16.812481
16.967455
17.122429
17.277403
17.432377
17.587351
17.742325
17.897299
18.052273
18.207248
18.362222
18.517196
18.672170
18.827144
18.982118
19.137092
19.292066
19.447040
19.602014
19.820600
20.043452
20.266304
20.489157
20.712009
20.934861
21.157714
21.380566
21.603418
21.851699
22.106077
22.360455
22.614832
22.869210
23.123588
23.377966
23.632343
23.886721
24.141099
24.395476
24.649854
24.904232
25.158609
25.412987
25.667365
25.921743
26.176120
26.430498
26.684876
26.939253
27.193631
27.448009
27.702386
27.956764
28.211142
28.465519
28.719897
28.974275
29.228653
29.483030
29.737408
29.991786
30.246163
30.500541
30.754919
31.009296
31.198114
31.303266
31.408417
31.513569
31.618721
31.723873
31.829025
31.934177
32.039328
32.144480
32.249632
32.354784
32.459936
32.565087
32.670239
32.775391
32.880543
32.985695
33.090847
33.195998
33.301150
33.406302
33.511454
33.616606
33.721757
33.826909
33.932061
34.037213
34.142365
34.247517
34.352668
34.457820
34.562972
34.668124
34.773276
34.878428
34.983579
35.088731
35.193883
35.299035
35.404187
35.509338
35.614490
35.719642
35.824794
35.929946
36.035098
36.140249
36.245401
36.350553
36.455705
36.560857
36.666009
36.771160
36.876312
36.981464
37.086616
37.191768
37.296919
37.402071
37.507223
37.612375
37.640569
37.552729
37.464889
37.377049
37.289209
37.201369
37.113529
37.019838
36.835049
36.650260
36.465471
36.280682
36.095893
35.911105
35.726316
35.541527
35.356738
35.171949
34.987160
34.802371
34.617583
34.432794
34.248005
34.063216
33.878427
33.693638
33.508849
33.324061
33.139272
32.954483
32.769694
32.584905
32.400116
32.215327
32.030539
31.845750
31.660961
31.476172
31.291383
31.106594
30.921805
30.737016
30.552228
30.367439
30.182650
29.997861
29.813072
29.628283
29.443494
29.258706
29.073917
28.889128
28.704339
28.519550
28.334761
28.149972
27.965184
27.783338
27.601969
27.420600
27.239231
27.057862
26.876493
26.695124
26.513755
26.332386
26.151017
25.969648
25.788279
25.606910
25.425540
25.244171
25.071290
24.929793
24.788297
24.646800
24.505303
24.366074
24.242223
24.140002
24.351408
24.562815
24.774221
24.985627
25.197034
25.408440
25.619846
25.831252
26.042659
26.254065
26.465471
26.676877
26.888284
27.099690
27.311096
27.522502
27.733909
27.945315
28.156721
28.368127
28.579534
28.790940
29.002346
29.213753
29.425159
29.636565
29.847971
30.059378
30.270784
30.482190
30.693596
30.905003
31.116409
31.327815
31.539221
31.750628
31.962034
32.173440
32.384846
32.596253
32.807659
33.019065
33.230472
33.441878
33.653284
33.864690
34.076097
34.287503
34.498909
34.710315
34.921722
35.133128
35.344534
35.555940
35.767347
35.978753
36.190159
36.401565
36.612972
36.824378
37.035784
37.247191
37.458597
37.670003
37.881409
38.092816
38.304222
38.515628
38.727034
38.938441
39.149847
39.361253
39.572659
39.784066
39.995472
40.206878
40.418284
40.629691
40.841097
41.052503
41.263910
41.475316
41.686722
41.898128
42.109535
42.320941
42.532347
42.743753
42.955160
43.166566
43.377972
43.589378
43.800785
44.012191
44.223597
44.435003
44.646410
44.857816
45.069222
45.280629
45.492035
45.703441
45.914847
46.126254
46.337660
46.549066
46.760472
46.971879
47.183285
47.394691
47.606097
47.817504
48.028910
48.240316
48.451722
48.663129
48.874535
49.085941
49.297348
49.508754
49.720160
49.931566
50.142973
50.354379
50.565785
50.670398
50.560578
50.450758
50.340938
50.231118
50.121298
50.011478
49.901659
49.791839
49.682019
49.572199
49.462379
49.352559
49.242739
49.132919
49.023099
48.913279
48.803459
48.693640
48.583820
48.474000
48.364180
48.254360
48.144540
48.034720
47.924900
47.815080
47.705260
47.595441
47.485621
47.375801
47.265981
47.156161
47.046341
46.936521
46.826701
46.716881
46.607061
46.497242
46.387422
46.277602
46.167782
46.057962
45.948142
45.838322
45.728502
45.618682
45.508862
45.399042
45.289223
45.179403
45.069583
44.959763
44.849943
44.740123
44.630303
44.520483
44.410663
44.300843
44.191024
44.081204
43.971384
43.861564
43.751744
43.641924
43.532104
43.422284
43.312464
43.202644
43.092825
42.983005
42.873185
42.763365
42.653545
42.543725
42.433905
42.324085
42.214265
42.104445
41.994625
41.884806
41.774986
41.665166
41.555346
41.445526
41.335706
41.225886
41.116066
41.006246
40.896426
40.786607
40.676787
40.566967
40.457147
40.347327
40.237507
40.127687
40.017867
39.908047
39.798227
39.865893
39.940688
40.015483
40.090277
40.165072
40.239867
40.314662
40.389456
40.464251
40.539046
40.613841
40.688635
40.763430
40.838225
40.913020
40.987814
41.062609
41.137404
41.212199
41.286993
41.361788
41.436583
41.511378
41.586172
41.660967
41.735762
41.810557
41.885352
41.960146
42.034941
42.109736
42.184531
42.259325
42.334120
42.408915
42.483710
42.558504
42.633299
42.708094
42.782889
42.857683
42.932478
43.007273
43.082068
43.156862
43.231657
43.306452
43.381247
43.456041
43.530836
43.605631
43.680426
43.755221
43.830015
43.904810
43.979605
44.054400
44.129194
44.203989
44.278784
44.353579
44.428373
44.503168
44.577963
44.652758
44.727552
44.802347
44.877142
44.951937
45.026731
45.101526
45.176321
45.251116
45.325910
45.400705
45.475500
45.550295
45.625089
45.699884
45.774679
45.849474
45.924269
45.999063
46.073858
46.148653
46.223448
46.298242
46.373037
46.447832
46.522627
46.597421
46.672216
46.747011
46.821806
46.896600
46.971395
47.046190
47.120985
47.195779
47.270574
47.345369
47.420164
47.494958
47.569753
47.644548
47.719343
47.794137