1000 1
0.000000
0.050467
0.101769
0.153904
0.206868
0.260660
0.315273
0.370703
0.426942
0.483982
0.541816
0.600432
0.659821
0.719970
0.780867
0.842498
0.904848
0.967902
1.031643
1.096054
1.161116
1.226810
1.293117
1.360015
1.427483
1.495497
1.564036
1.633074
1.702588
1.772551
1.842937
1.913720
1.984872
2.056366
2.128172
2.200261
2.272605
2.345171
2.417931
2.490853
2.563905
2.637055
2.710272
2.783523
2.856775
2.929994
3.003149
3.076205
3.149128
3.221886
3.294443
3.366767
3.438824
3.510579
3.581999
3.653050
3.723698
3.793911
3.863654
3.932895
4.001602
4.069740
4.137279
4.204187
4.270431
4.335981
4.400807
4.464878
4.528165
4.590638
4.652270
4.713032
4.772897
4.831839
4.889831
4.946849
5.002869
5.057866
5.111818
5.164703
5.216500
5.267189
5.316750
5.365165
5.412417
5.458490
5.503367
5.547035
5.589481
5.630691
5.670655
5.709363
5.746806
5.782976
5.817867
5.851472
5.883787
5.914810
5.944538
5.972971
6.000109
6.025954
6.050508
6.073776
6.095763
6.116476
6.135922
6.154111
6.171054
6.186761
6.201246
6.214522
6.226606
6.237513
6.247262
6.255871
6.263361
6.269753
6.275070
6.279336
6.282575
6.284815
6.286081
6.286404
6.285811
6.284335
6.282005
6.278857
6.274922
6.270237
6.264836
6.258757
6.252037
6.244715
6.236831
6.228425
6.219538
6.210213
6.200491
6.190417
6.180035
6.169391
6.158529
6.147496
6.136338
6.125104
6.113841
6.102598
6.091423
6.080366
6.069476
6.058803
6.048398
6.038310
6.028592
6.019292
6.010464
6.002157
5.994423
5.987313
5.980878
5.975169
5.970238
5.966134
5.962909
5.960613
5.959296
5.959008
5.959798
5.961715
5.964808
5.969124
5.974711
5.981617
5.989887
5.999566
6.010701
6.023335
6.037511
6.053273
6.070661
6.089718
6.110482
6.132992
6.157287
6.183403
6.211376
6.241242
6.273032
6.306780
6.342517
6.380273
6.420075
6.461953
6.505930
6.552032
6.600282
6.650702
6.703311
6.758129
6.815173
6.874459
6.936000
6.999809
7.065898
7.134275
7.204948
7.277924
7.353206
7.430798
7.510700
7.592913
7.677432
7.764256
7.853376
7.944787
8.038478
8.134438
8.232655
8.333115
8.435800
8.540692
8.647772
8.757018
8.868407
8.981914
9.097511
9.215170
9.334862
9.456553
9.580210
9.705799
9.833281
9.962618
10.093770
10.226696
10.361351
10.497690
10.635667
10.775234
10.916342
11.058938
11.202971
11.348387
11.495131
11.643145
11.792372
11.942754
12.094228
12.246734
12.400209
12.554589
12.709809
12.865803
13.022504
13.179843
13.337752
13.496160
13.654998
13.814194
13.973675
14.133369
14.293202
14.453099
14.612987
14.772790
14.932433
15.091839
15.250932
15.409635
15.567872
15.725566
15.882639
16.039014
16.194614
16.349361
16.503179
16.655991
16.807720
16.958289
17.107622
17.255643
17.402277
17.547450
17.691086
17.833111
17.973454
18.112041
18.248801
18.383663
18.516557
18.647414
18.776166
18.902745
19.027087
19.149127
19.268800
19.386044
19.500799
19.613004
19.722602
19.829535
19.933749
20.035189
20.133803
20.229541
20.322353
20.412192
20.499014
20.582773
20.663429
20.740942
20.815273
20.886386
20.954248
21.018826
21.080091
21.138014
21.192569
21.243733
21.291485
21.335806
21.376677
21.414086
21.448018
21.478464
21.505416
21.528868
21.548818
21.565264
21.578208
21.587654
21.593607
21.596078
21.595077
21.590618
21.582716
21.571390
21.556661
21.538552
21.517088
21.492298
21.464212
21.432864
21.398287
21.360520
21.319603
21.275578
21.228490
21.178385
21.125314
21.069326
21.010476
20.948820
20.884416
20.817325
20.747607
20.675329
20.600557
20.523358
20.443805
20.361968
20.277923
20.191746
20.103514
20.013309
19.921210
19.827303
19.731670
19.634400
19.535580
19.435299
19.333649
19.230722
19.126612
19.021413
18.915221
18.808134
18.700251
18.591670
18.482491
18.372817
18.262749
18.152390
18.041843
17.931213
17.820604
17.710122
17.599872
17.489960
17.380493
17.271576
17.163317
17.055823
16.949200
16.843554
16.738993
16.635623
16.533549
16.432878
16.333715
16.236164
16.140330
16.046315
15.954224
15.864158
15.776218
15.690505
15.607117
15.526153
15.447710
15.371884
15.298768
15.228457
15.161042
15.096613
15.035259
14.977067
14.922122
14.870507
14.822306
14.777597
14.736458
14.698965
14.665193
14.635213
14.609094
14.586905
14.568709
14.554570
14.544547
14.538700
14.537083
14.539749
14.546748
14.558129
14.573935
14.594209
14.618992
14.648318
14.682223
14.720736
14.763888
14.811701
14.864200
14.921402
14.983325
15.049981
15.121380
15.197531
15.278436
15.364096
15.454511
15.549673
15.649574
15.754204
15.863547
15.977585
16.096298
16.219660
16.347645
16.480223
16.617359
16.759016
16.905156
17.055734
17.210705
17.370020
17.533627
17.701470
17.873491
18.049629
18.229820
18.413998
18.602091
18.794028
18.989733
19.189127
19.392130
19.598658
19.808624
20.021940
20.238514
20.458253
20.681059
20.906834
21.135477
21.366885
21.600952
21.837570
22.076629
22.318018
22.561622
22.807327
23.055014
23.304564
23.555857
23.808769
24.063177
24.318954
24.575975
24.834111
25.093233
25.353209
25.613908
25.875198
26.136946
26.399016
26.661273
26.923583
27.185809
27.447814
27.709461
27.970612
28.231131
28.490880
28.749720
29.007514
29.264126
29.519417
29.773251
30.025491
30.276002
30.524649
30.771296
31.015810
31.258058
31.497908
31.735230
31.969893
32.201770
32.430734
32.656657
32.879418
33.098892
33.314960
33.527501
33.736400
33.941539
34.142807
34.340092
34.533285
34.722280
34.906971
35.087257
35.263038
35.434218
35.600702
35.762398
35.919217
36.071075
36.217886
36.359572
36.496055
36.627262
36.753120
36.873564
36.988527
37.097950
37.201774
37.299945
37.392413
37.479129
37.560051
37.635138
37.704353
37.767663
37.825041
37.876459
37.921896
37.961334
37.994760
38.022163
38.043536
38.058877
38.068187
38.071471
38.068739
38.060004
38.045282
38.024595
37.997967
37.965426
37.927007
37.882744
37.832678
37.776854
37.715320
37.648127
37.575332
37.496994
37.413177
37.323946
37.229374
37.129535
37.024506
36.914370
36.799212
36.679119
36.554186
36.424507
36.290181
36.151311
36.008002
35.860363
35.708506
35.552545
35.392600
35.228790
35.061240
34.890076
34.715427
34.537427
34.356208
34.171908
33.984667
33.794627
33.601931
33.406726
33.209160
33.009384
32.807549
32.603810
32.398322
32.191242
31.982730
31.772946
31.562052
31.350209
31.137582
30.924336
30.710637
30.496651
30.282546
30.068489
29.854650
29.641196
29.428297
29.216123
29.004841
28.794623
28.585636
28.378049
28.172032
27.967751
27.765375
27.565069
27.367000
27.171332
26.978230
26.787855
26.600370
26.415934
26.234706
26.056842
25.882499
25.711830
25.544986
25.382117
25.223370
25.068891
24.918823
24.773306
24.632479
24.496476
24.365432
24.239475
24.118733
24.003331
23.893389
23.789025
23.690354
23.597488
23.510535
23.429599
23.354782
23.286180
23.223888
23.167995
23.118589
23.075750
23.039557
23.010085
22.987404
22.971579
22.962673
22.960742
22.965842
22.978019
22.997320
23.023783
23.057445
23.098337
23.146486
23.201912
23.264635
23.334667
23.412016
23.496685
23.588673
23.687976
23.794581
23.908475
24.029637
24.158042
24.293662
24.436462
24.586403
24.743443
24.907533
25.078621
25.256650
25.441557
25.633277
25.831738
26.036865
26.248578
26.466792
26.691420
26.922368
27.159539
27.402831
27.652138
27.907350
28.168355
28.435032
28.707262
28.984918
29.267869
29.555984
29.849125
30.147152
30.449920
30.757283
31.069088
31.385183
31.705410
32.029609
32.357617
32.689267
33.024391
33.362818
33.704373
34.048879
34.396159
34.746031
35.098311
35.452814
35.809354
36.167742
36.527785
36.889294
37.252073
37.615929
37.980664
38.346081
38.711984
39.078171
39.444445
39.810604
40.176448
40.541776
40.906386
41.270078
41.632650
41.993901
42.353630
42.711638
43.067724
43.421690
43.773337
44.122469
44.468888
44.812402
45.152815
45.489936
45.823575
46.153543
46.479653
46.801721
47.119563
47.433000
47.741853
48.045946
48.345107
48.639165
48.927952
49.211305
49.489061
49.761062
50.027153
50.287182
50.541001
50.788465
51.029434
51.263769
51.491338
51.712012
51.925664
52.132175
52.331426
52.523306
52.707706
52.884523
53.053657
53.215015
53.368505
53.514045
53.651552
53.780953
53.902177
54.015158
54.119838
54.216160
54.304075
54.383539
54.454511
54.516959
54.570854
54.616172
54.652895
54.681012
54.700514
54.711401
54.713676
54.707350
54.692435
54.668955
54.636933
54.596401
54.547397
54.489963
54.424146
54.349999
54.267582
54.176959
54.078198
53.971376
53.856570
53.733868
53.603359
53.465140
53.319311
53.165977
53.005251
52.837247
52.662087
52.479895
52.290804
52.094946
51.892463
51.683498
51.468200
51.246721
51.019220
50.785856
50.546797
50.302211
50.052272
49.797157
49.537046
49.272124
49.002580
48.728604
48.450390
48.168137
47.882045
47.592317
47.299159
47.002781
46.703394
46.401211
46.096448
45.789324
45.480058
45.168872
44.855990
44.541637
44.226038
43.909423
43.592019
43.274057
42.955767
42.637380
42.319129
42.001245
41.683961
41.367510
41.052124
40.738035
40.425475
40.114676
39.805869
39.499282
39.195146
38.893688
38.595134
38.299710
38.007640
37.719145
37.434445
37.153759
36.877302
36.605288
36.337928
36.075432
35.818004
35.565847
35.319163
35.078149
34.842997
34.613898
34.391040
34.174606
33.964775
33.761723
33.565622
33.376640
33.194941
33.020683
32.854022
32.695107
32.544086
32.401098
32.266281
32.139766
32.021679
31.912142
31.811272
31.719179
31.635971
31.561748
31.496606
31.440634
31.393918
31.356536
31.328563
31.310067
31.301111
31.301751
31.312039
31.332022
31.361738
31.401224
31.450507
31.509611
31.578555
31.657350
31.746002
31.844513
31.952878
32.071088
32.199126
32.336971
32.484597
32.641973
32.809062
32.985820
33.172201
33.368151
33.573612
33.788523
34.012814
34.246412
34.489238
34.741211
35.002242
35.272237
35.551099
35.838725
36.135007
36.439832
36.753082
37.074634
37.404360
37.742127
38.087796
38.441223
38.802256
39.170741
39.546514
39.929408
40.319247
40.715846
41.119017
41.528560
41.944267
42.365923
42.793299
43.226158
43.664250
44.107313
44.555071
45.007233
45.463492
45.923521
46.386978
46.853496
47.322687
47.794137