1000 1
0.000000
0.039278
0.081703
0.127084
0.175226
0.225939
0.279030
0.334306
0.391574
0.450643
0.511319
0.573411
0.636725
0.701070
0.766252
0.832079
0.898360
0.964901
1.031509
1.098031
1.164492
1.230969
1.297540
1.364283
1.431276
1.498596
1.566321
1.634529
1.703298
1.772706
1.842822
1.913587
1.984836
2.056402
2.128219
2.200286
2.272606
2.345171
2.417936
2.490860
2.563913
2.637063
2.710277
2.783524
2.856773
2.929989
3.003140
3.076192
3.149111
3.221864
3.294418
3.366739
3.438793
3.510547
3.581966
3.653019
3.723671
3.793888
3.863637
3.932885
4.001598
4.069742
4.137284
4.204188
4.270422
4.335955
4.400761
4.464813
4.528082
4.590543
4.652168
4.712930
4.772803
4.831758
4.889769
4.946809
5.002851
5.057867
5.111832
5.164723
5.216516
5.267189
5.316729
5.365168
5.412529
5.458778
5.503869
5.547755
5.590389
5.631725
5.671715
5.710314
5.747474
5.783148
5.817296
5.849918
5.881042
5.910693
5.938899
5.965685
5.991079
6.015106
6.037793
6.059167
6.079254
6.098080
6.115672
6.132056
6.147260
6.161308
6.174228
6.186046
6.196789
6.206483
6.215155
6.222830
6.229536
6.235299
6.240145
6.244100
6.247192
6.249447
6.250891
6.251550
6.251452
6.250622
6.249087
6.246873
6.244007
6.240516
6.236425
6.231761
6.226552
6.220822
6.214599
6.207909
6.200778
6.193233
6.185301
6.177008
6.168379
6.159443
6.150225
6.140751
6.131049
6.121144
6.111063
6.100833
6.090479
6.080029
6.069509
6.058972
6.048546
6.038369
6.028581
6.019279
6.010470
6.002175
5.994443
5.987328
5.980884
5.975162
5.970218
5.966103
5.962870
5.960575
5.959268
5.959004
5.959834
5.961805
5.964958
5.969338
5.974986
5.981946
5.990260
5.999973
6.011126
6.023762
6.037925
6.053658
6.071003
6.090003
6.110702
6.133142
6.157366
6.183418
6.211340
6.241181
6.272995
6.306831
6.342723
6.380684
6.420726
6.462862
6.507104
6.553465
6.601957
6.652592
6.705383
6.760342
6.817482
6.876814
6.938352
7.002107
7.068093
7.136321
7.206803
7.279553
7.354583
7.431904
7.511530
7.593473
7.677745
7.764358
7.853325
7.944644
8.038295
8.134257
8.232508
8.333026
8.435791
8.540779
8.647962
8.757308
8.868785
8.982363
9.098009
9.215693
9.335382
9.457046
9.580653
9.706171
9.833569
9.962816
10.093880
10.226730
10.361335
10.497656
10.635652
10.775276
10.916473
11.059180
11.203334
11.348872
11.495731
11.643848
11.793160
11.943604
12.095116
12.247634
12.401095
12.555436
12.710593
12.866503
13.023104
13.180333
13.338126
13.496420
13.655152
13.814260
13.973681
14.133347
14.293179
14.453087
14.612986
14.772789
14.932425
15.091832
15.250948
15.409694
15.567980
15.725717
15.882813
16.039179
16.194723
16.349355
16.502990
16.655558
16.806994
16.957233
17.106209
17.253856
17.400110
17.544904
17.688174
17.829853
17.969876
18.108179
18.244695
18.379359
18.512106
18.642869
18.771585
18.898186
19.022608
19.144786
19.264653
19.382145
19.497196
19.609740
19.719713
19.827048
19.931680
20.033544
20.132574
20.228704
20.321871
20.412007
20.499047
20.582939
20.663657
20.741179
20.815484
20.886551
20.954358
21.018885
21.080108
21.138009
21.192560
21.243730
21.291486
21.335806
21.376677
21.414069
21.447945
21.478312
21.505177
21.528545
21.548423
21.564818
21.577735
21.587182
21.593163
21.595687
21.594759
21.590386
21.582574
21.571329
21.556658
21.538572
21.517107
21.492306
21.464212
21.432864
21.398291
21.360516
21.319577
21.275525
21.228415
21.178300
21.125236
21.069277
21.010476
20.948880
20.884503
20.817350
20.747435
20.674826
20.599618
20.521903
20.441775
20.359327
20.274654
20.187848
20.099004
20.008213
19.915571
19.821171
19.725105
19.627467
19.528352
19.427852
19.326061
19.223073
19.118980
19.013877
18.907856
18.801012
18.693438
18.585227
18.476473
18.367269
18.257709
18.147886
18.037894
17.927826
17.817776
17.707837
17.598103
17.488667
17.379623
17.271064
17.163083
17.055775
16.949234
16.843590
16.738999
16.635614
16.533547
16.432890
16.333736
16.236179
16.140310
16.046232
15.954054
15.863888
15.775844
15.690035
15.606570
15.525562
15.447120
15.371356
15.298382
15.228308
15.161243
15.097274
15.036462
14.978868
14.924554
14.873581
14.826010
14.781903
14.741320
14.704322
14.670972
14.641331
14.615459
14.593418
14.575269
14.561073
14.550892
14.544787
14.542819
14.545049
14.551539
14.562350
14.577543
14.597179
14.621320
14.650027
14.683360
14.721383
14.764154
14.811737
14.864187
14.921512
14.983691
15.050700
15.122517
15.199120
15.280485
15.366591
15.457414
15.552933
15.653125
15.757967
15.867436
15.981510
16.100167
16.223384
16.351139
16.483408
16.620170
16.761401
16.907080
17.057183
17.211689
17.370574
17.533816
17.701392
17.873255
18.049320
18.229501
18.413710
18.601860
18.793863
18.989632
19.189080
19.392119
19.598663
19.808627
20.021932
20.238496
20.458238
20.681076
20.906914
21.135637
21.367130
21.601277
21.837962
22.077071
22.318487
22.562094
22.807777
23.055421
23.304909
23.556126
23.808957
24.063285
24.318996
24.575973
24.834096
25.093222
25.353208
25.613912
25.875201
26.136944
26.399008
26.661258
26.923556
27.185768
27.447755
27.709383
27.970515
28.231014
28.490744
28.749569
29.007352
29.263957
29.519248
29.773088
30.025342
30.275872
30.524542
30.771217
31.015760
31.258034
31.497903
31.735231
31.969893
32.201776
32.430757
32.656711
32.879513
33.099038
33.315159
33.527752
33.736691
33.941851
34.143106
34.340331
34.533400
34.722189
34.906594
35.086538
35.261949
35.432751
35.598873
35.760238
35.916775
36.068408
36.215065
36.356671
36.493152
36.624435
36.750446
36.871111
36.986356
37.096107
37.200291
37.298834
37.391661
37.478700
37.559876
37.635115
37.704347
37.767549
37.824727
37.875889
37.921044
37.960199
37.993361
38.020539
38.041741
38.056975
38.066247
38.069567
38.066942
38.058380
38.043889
38.023476
37.997150
37.964919
37.926789
37.882770
37.832869
37.777093
37.715451
37.647951
37.574650
37.495653
37.411067
37.321000
37.225559
37.124851
37.018983
36.908063
36.792198
36.671495
36.546062
36.416005
36.281432
36.142450
35.999167
35.851689
35.700125
35.544581
35.385164
35.221982
35.055143
34.884752
34.710918
34.533748
34.353349
34.169829
33.983294
33.793852
33.601611
33.406676
33.209167
33.009361
32.807502
32.603748
32.398256
32.191182
31.982685
31.772920
31.562044
31.350216
31.137597
30.924354
30.710656
30.496669
30.282562
30.068501
29.854654
29.641189
29.428280
29.216105
29.004845
28.794673
28.585755
28.378250
28.172320
27.968127
27.765833
27.565597
27.367583
27.171951
26.978862
26.788478
26.600960
26.416470
26.235169
26.057219
25.882780
25.712014
25.545082
25.382146
25.223368
25.068891
24.918829
24.773313
24.632481
24.496473
24.365427
24.239481
24.118763
24.003386
23.893464
23.789109
23.690433
23.597549
23.510569
23.429606
23.354771
23.286161
23.223865
23.167970
23.118564
23.075736
23.039573
23.010148
22.987515
22.971728
22.962840
22.960906
22.965980
22.978113
22.997361
23.023777
23.057409
23.098287
23.146442
23.201902
23.264692
23.334813
23.412251
23.496994
23.589030
23.688347
23.794932
23.908773
24.029858
24.158173
24.293708
24.436449
24.586372
24.743435
24.907588
25.078761
25.256878
25.441861
25.633631
25.832112
26.037224
26.248892
26.467036
26.691579
26.922444
27.159552
27.402831
27.652240
27.907661
28.168945
28.435941
28.708501
28.986477
29.269719
29.558077
29.851403
30.149549
30.452364
30.759699
31.071407
31.387337
31.707340
32.031268
32.358971
32.690301
33.025108
33.363243
33.704557
34.048902
34.396120
34.746001
35.098308
35.452814
35.809352
36.167738
36.527785
36.889302
37.252094
37.615964
37.980710
38.346134
38.712037
39.078219
39.444482
39.810626
40.176452
40.541760
40.906352
41.270027
41.632585
41.993828
42.353555
42.711566
43.067663
43.421645
43.773313
44.122466
44.468906
44.812431
45.152838
45.489925
45.823500
46.153388
46.479414
46.801405
47.119185
47.432582
47.741421
48.045529
48.344730
48.638851
48.927717
49.211155
49.488991
49.761051
50.027162
50.287183
50.540990
50.788449
51.029419
51.263761
51.491336
51.712009
51.925659
52.132172
52.331391
52.523196
52.707503
52.884229
53.053289
53.214601
53.368080
53.513643
53.651207
53.780688
53.902002
54.015065
54.119795
54.216117
54.304042
54.383554
54.454588
54.517080
54.570962
54.616169
54.652641
54.680374
54.699411
54.709794
54.711564
54.704765
54.689437
54.665624
54.633367
54.592708
54.543690
54.486355
54.420745
54.346902
54.264868
54.174685
54.076396
53.970042
53.855666
53.733310
53.603016
53.464823
53.318769
53.164961
53.003567
52.834758
52.658703
52.475574
52.285538
52.088768
51.885432
51.675702
51.459746
51.237735
51.009839
50.776228
50.537073
50.292542
50.042807
49.788037
49.528402
49.264072
48.995218
48.722010
48.444616
48.163209
47.877957
47.589030
47.296599
47.000834
46.701905
46.399982
46.095253
45.788049
45.478674
45.167360
44.854342
44.539853
44.224126
43.907395
43.589893
43.271853
42.953509
42.635094
42.316841
41.998984
41.681757
41.365392
41.050122
40.736183
40.423805
40.113224
39.804672
39.498383
39.194590
38.893527
38.595426
38.300522
38.009047
37.721233
37.437289
37.157411
36.881795
36.610637
36.344132
36.082477
35.825867
35.574498
35.328566
35.088267
34.853796
34.625350
34.403124
34.187314
33.978115
33.775725
33.580337
33.392149
33.211356
33.038154
32.872731
32.715222
32.565744
32.424414
32.291348
32.166664
32.050477
31.942904
31.844062
31.754068
31.673038
31.601089
31.538336
31.484896
31.440844
31.406233
31.381115
31.365541
31.359564
31.363234
31.376604
31.399724
31.432648
31.475426
31.528110
31.590738
31.663306
31.745798
31.838201
31.940498
32.052677
32.174722
32.306619
32.448353
32.599895
32.761187
32.932164
33.112763
33.302921
33.502575
33.711660
33.930116
34.157882
34.394863
34.640930
34.895955
35.159810
35.432365
35.713494
36.003066
36.300954
36.607028
36.921162
37.243227
37.573108
37.910689
38.255855
38.608430
38.967932
39.333790
39.705510
40.082947
40.466048
40.854758
41.249027
41.648801
42.054027
42.464653
42.880625
43.301892
43.728400
44.160097
44.596930
45.038846
45.485793
45.937717
46.394566
46.856288
47.322829
47.794137