1000 1
0.000000
0.050405
0.101851
0.153907
0.206869
0.260661
0.315274
0.370703
0.426942
0.483983
0.541816
0.600433
0.659821
0.719970
0.780867
0.842498
0.904848
0.967903
1.031644
1.096054
1.161116
1.226810
1.293117
1.360015
1.427483
1.495497
1.564036
1.633074
1.702588
1.772550
1.842937
1.913720
1.984872
2.056366
2.128172
2.200261
2.272605
2.345171
2.417931
2.490853
2.563905
2.637055
2.710272
2.783523
2.856775
2.929994
3.003149
3.076205
3.149128
3.221886
3.294443
3.366767
3.438824
3.510579
3.581999
3.653050
3.723698
3.793911
3.863654
3.932895
4.001602
4.069740
4.137279
4.204187
4.270431
4.335981
4.400807
4.464878
4.528165
4.590638
4.652270
4.713032
4.772896
4.831837
4.889830
4.946849
5.002869
5.057866
5.111818
5.164703
5.216500
5.267188
5.316750
5.365165
5.412417
5.458490
5.503367
5.547035
5.589481
5.630691
5.670655
5.709363
5.746806
5.782976
5.817867
5.851472
5.883787
5.914810
5.944538
5.972971
6.000109
6.025953
6.050508
6.073776
6.095763
6.116476
6.135922
6.154111
6.171054
6.186761
6.201246
6.214522
6.226606
6.237513
6.247262
6.255871
6.263361
6.269753
6.275070
6.279336
6.282575
6.284815
6.286081
6.286404
6.285811
6.284335
6.282005
6.278857
6.274922
6.270237
6.264836
6.258757
6.252037
6.244715
6.236831
6.228425
6.219538
6.210213
6.200491
6.190417
6.180035
6.169391
6.158529
6.147496
6.136338
6.125104
6.113841
6.102598
6.091423
6.080366
6.069476
6.058803
6.048398
6.038310
6.028592
6.019292
6.010464
6.002157
5.994423
5.987313
5.980878
5.975169
5.970238
5.966134
5.962909
5.960613
5.959296
5.959008
5.959798
5.961715
5.964808
5.969124
5.974711
5.981617
5.989887
5.999566
6.010701
6.023335
6.037511
6.053273
6.070661
6.089718
6.110482
6.132992
6.157287
6.183403
6.211376
6.241242
6.273034
6.306783
6.342520
6.380274
6.420075
6.461953
6.505930
6.552032
6.600282
6.650702
6.703311
6.758129
6.815173
6.874459
6.936001
6.999809
7.065898
7.134275
7.204948
7.277924
7.353207
7.430798
7.510700
7.592913
7.677433
7.764256
7.853376
7.944787
8.038478
8.134438
8.232655
8.333115
8.435800
8.540692
8.647772
8.757020
8.868409
8.981915
9.097511
9.215170
9.334862
9.456553
9.580210
9.705799
9.833281
9.962619
10.093772
10.226696
10.361351
10.497690
10.635667
10.775234
10.916342
11.058938
11.202971
11.348388
11.495131
11.643145
11.792372
11.942754
12.094228
12.246734
12.400209
12.554589
12.709809
12.865803
13.022504
13.179843
13.337752
13.496160
13.654998
13.814194
13.973675
14.133369
14.293202
14.453099
14.612987
14.772790
14.932433
15.091839
15.250932
15.409635
15.567872
15.725566
15.882639
16.039014
16.194614
16.349361
16.503179
16.655991
16.807720
16.958289
17.107622
17.255643
17.402277
17.547449
17.691086
17.833111
17.973454
18.112041
18.248801
18.383663
18.516556
18.647413
18.776165
18.902745
19.027087
19.149127
19.268800
19.386044
19.500799
19.613004
19.722602
19.829535
19.933749
20.035189
20.133803
20.229541
20.322353
20.412192
20.499014
20.582773
20.663429
20.740942
20.815273
20.886386
20.954247
21.018826
21.080091
21.138013
21.192569
21.243733
21.291485
21.335806
21.376677
21.414085
21.448018
21.478464
21.505415
21.528867
21.548818
21.565264
21.578208
21.587654
21.593607
21.596078
21.595077
21.590618
21.582716
21.571390
21.556661
21.538551
21.517088
21.492298
21.464212
21.432864
21.398287
21.360517
21.319597
21.275573
21.228487
21.178386
21.125314
21.069326
21.010476
20.948820
20.884416
20.817325
20.747607
20.675328
20.600556
20.523358
20.443805
20.361968
20.277923
20.191746
20.103514
20.013309
19.921210
19.827302
19.731669
19.634399
19.535580
19.435300
19.333649
19.230722
19.126612
19.021413
18.915221
18.808134
18.700251
18.591669
18.482491
18.372817
18.262749
18.152390
18.041843
17.931213
17.820604
17.710122
17.599872
17.489960
17.380493
17.271576
17.163317
17.055823
16.949200
16.843554
16.738993
16.635623
16.533549
16.432878
16.333715
16.236164
16.140330
16.046315
15.954224
15.864158
15.776218
15.690505
15.607117
15.526153
15.447710
15.371884
15.298768
15.228457
15.161042
15.096613
15.035260
14.977068
14.922122
14.870507
14.822306
14.777597
14.736458
14.698965
14.665193
14.635213
14.609094
14.586905
14.568709
14.554570
14.544547
14.538700
14.537083
14.539750
14.546750
14.558130
14.573935
14.594210
14.618992
14.648318
14.682223
14.720736
14.763888
14.811701
14.864200
14.921402
14.983325
15.049981
15.121380
15.197531
15.278436
15.364097
15.454511
15.549673
15.649575
15.754205
15.863547
15.977585
16.096298
16.219660
16.347645
16.480223
16.617359
16.759016
16.905156
17.055734
17.210705
17.370020
17.533627
17.701470
17.873491
18.049629
18.229821
18.413998
18.602091
18.794028
18.989733
19.189127
19.392130
19.598658
19.808624
20.021940
20.238514
20.458253
20.681059
20.906836
21.135479
21.366886
21.600952
21.837570
22.076629
22.318018
22.561622
22.807327
23.055014
23.304564
23.555857
23.808769
24.063177
24.318955
24.575976
24.834112
25.093233
25.353209
25.613908
25.875198
26.136946
26.399016
26.661273
26.923583
27.185809
27.447814
27.709461
27.970612
28.231131
28.490880
28.749720
29.007514
29.264126
29.519417
29.773251
30.025491
30.276002
30.524648
30.771296
31.015810
31.258058
31.497908
31.735230
31.969893
32.201770
32.430733
32.656657
32.879418
33.098892
33.314960
33.527501
33.736400
33.941539
34.142806
34.340092
34.533286
34.722280
34.906971
35.087257
35.263038
35.434218
35.600702
35.762397
35.919217
36.071075
36.217886
36.359572
36.496055
36.627262
36.753120
36.873564
36.988527
37.097950
37.201774
37.299945
37.392412
37.479129
37.560051
37.635138
37.704352
37.767661
37.825039
37.876459
37.921896
37.961334
37.994760
38.022163
38.043535
38.058876
38.068187
38.071471
38.068739
38.060004
38.045282
38.024595
37.997967
37.965426
37.927006
37.882744
37.832678
37.776854
37.715320
37.648127
37.575332
37.496994
37.413177
37.323946
37.229374
37.129535
37.024506
36.914370
36.799211
36.679119
36.554186
36.424507
36.290181
36.151311
36.008002
35.860363
35.708506
35.552545
35.392599
35.228790
35.061240
34.890076
34.715428
34.537427
34.356208
34.171908
33.984667
33.794627
33.601931
33.406726
33.209161
33.009383
32.807546
32.603806
32.398318
32.191241
31.982731
31.772946
31.562051
31.350209
31.137582
30.924336
30.710637
30.496651
30.282546
30.068489
29.854650
29.641196
29.428297
29.216123
29.004841
28.794623
28.585636
28.378049
28.172032
27.967751
27.765375
27.565069
27.367000
27.171332
26.978230
26.787855
26.600370
26.415934
26.234706
26.056842
25.882499
25.711830
25.544986
25.382117
25.223370
25.068891
24.918823
24.773306
24.632479
24.496476
24.365432
24.239475
24.118733
24.003331
23.893389
23.789025
23.690354
23.597488
23.510535
23.429599
23.354782
23.286181
23.223888
23.167995
23.118589
23.075750
23.039557
23.010085
22.987409
22.971593
22.962691
22.960758
22.965849
22.978020
22.997320
23.023783
23.057445
23.098338
23.146486
23.201912
23.264635
23.334667
23.412016
23.496685
23.588674
23.687976
23.794581
23.908475
24.029637
24.158042
24.293662
24.436462
24.586403
24.743443
24.907534
25.078622
25.256650
25.441557
25.633277
25.831738
26.036865
26.248578
26.466793
26.691421
26.922368
27.159539
27.402831
27.652138
27.907350
28.168355
28.435033
28.707262
28.984918
29.267870
29.555985
29.849126
30.147152
30.449921
30.757283
31.069088
31.385183
31.705410
32.029610
32.357617
32.689267
33.024392
33.362818
33.704373
34.048880
34.396160
34.746031
35.098312
35.452815
35.809356
36.167743
36.527787
36.889295
37.252074
37.615930
37.980665
38.346083
38.711985
39.078173
39.444447
39.810606
40.176450
40.541778
40.906388
41.270080
41.632652
41.993903
42.353633
42.711641
43.067727
43.421693
43.773340
44.122471
44.468891
44.812405
45.152818
45.489939
45.823578
46.153547
46.479657
46.801722
47.119564
47.433001
47.741856
48.045949
48.345110
48.639167
48.927954
49.211307
49.489063
49.761063
50.027154
50.287183
50.541001
50.788465
51.029433
51.263767
51.491336
51.712008
51.925660
52.132169
52.331419
52.523297
52.707696
52.884511
53.053643
53.214998
53.368487
53.514023
53.651528
53.780926
53.902146
54.015124
54.119800
54.216118
54.304028
54.383487
54.454454
54.516897
54.570785
54.616097
54.652813
54.680922
54.700417
54.711295
54.713562
54.707226
54.692299
54.668806
54.636774
54.596233
54.547217
54.489769
54.423938
54.349777
54.267345
54.176705
54.077927
53.971087
53.856263
53.733541
53.603012
53.464772
53.318920
53.165564
53.004814
52.836786
52.661600
52.479383
52.290264
52.094380
51.891866
51.682869
51.467540
51.246034
51.018505
50.785110
50.546019
50.301401
50.051429
49.796280
49.536137
49.271185
49.001611
48.727604
48.449360
48.167078
47.880958
47.591203
47.298021
47.001620
46.702213
46.400012
46.095234
45.788099
45.478826
45.167637
44.854757
44.540410
44.224825
43.908229
43.590852
43.272924
42.954677
42.636343
42.318153
42.000343
41.683144
41.366790
41.051515
40.737551
40.425133
40.114493
39.805861
39.499471
39.195551
38.894331
38.596039
38.300902
38.009145
37.720991
37.436662
37.156378
36.880356
36.608812
36.341958
36.080007
35.823165
35.571637
35.325626
35.085331
34.850948
34.622670
34.400685
34.185180
33.976336
33.774331
33.579340
33.391532
33.211074
33.038128
32.872849
32.715390
32.565901
32.424524
32.291397
32.166654
32.050425
31.942830
31.843990
31.754017
31.673018
31.601096
31.538347
31.484861
31.440724
31.406016
31.380810
31.365173
31.359169
31.362852
31.376272
31.399473
31.432494
31.475365
31.528116
31.590764
31.663316
31.745776
31.838149
31.940437
32.052625
32.174692
32.306612
32.448353
32.599881
32.761151
32.932113
33.112712
33.302885
33.502563
33.711671
33.930130
34.157851
34.394743
34.640706
34.895636
35.159424
35.431947
35.713085
36.002713
36.300697
36.606897
36.921167
37.243357
37.573313
37.910873
38.255873
38.608139
38.967497
39.333766
39.706761
40.086291
40.472162
40.864175
41.262127
41.665809
42.075012
42.489518
42.909110
43.333563
43.762652
44.196147
44.633815
45.075421
45.520726
45.969484
46.421451
46.876381
47.334023
47.794137