1000 1
-0.000000
-0.107786
-0.212260
-0.313452
-0.411391
-0.506106
-0.597624
-0.685976
-0.771190
-0.853296
-0.932321
-1.008295
-1.081246
-1.151204
-1.218197
-1.282255
-1.343406
-1.401679
-1.457103
-1.509706
-1.559518
-1.606568
-1.650884
-1.692496
-1.731432
-1.767721
-1.801391
-1.832473
-1.860994
-1.886984
-1.910471
-1.931485
-1.950054
-1.966207
-1.979972
-1.991380
-2.000459
-2.007237
-2.011743
-2.014007
-2.014057
-2.011922
-2.007632
-2.001214
-1.992697
-1.982112
-1.969486
-1.954848
-1.938228
-1.919653
-1.899154
-1.876759
-1.852496
-1.826395
-1.798485
-1.768794
-1.737351
-1.704186
-1.669326
-1.632801
-1.594641
-1.554872
-1.513526
-1.470630
-1.426213
-1.380304
-1.332932
-1.284127
-1.233916
-1.182329
-1.129394
-1.075141
-1.019598
-0.962794
-0.904759
-0.845520
-0.785108
-0.723550
-0.660875
-0.597113
-0.532293
-0.466443
-0.399591
-0.331768
-0.263002
-0.193321
-0.122755
-0.051333
0.020917
0.093966
0.167785
0.242345
0.317616
0.393572
0.470181
0.547416
0.625247
0.703646
0.782584
0.862032
0.941961
1.022343
1.103147
1.184346
1.265911
1.347812
1.430021
1.512509
1.595248
1.678207
1.761359
1.844674
1.928123
2.011678
2.095310
2.178990
2.262689
2.346379
2.430029
2.513612
2.597098
2.680459
2.763666
2.846690
2.929501
3.012072
3.094373
3.176376
3.258050
3.339369
3.420302
3.500821
3.580898
3.660502
3.739605
3.818179
3.896194
3.973622
4.050434
4.126600
4.202093
4.276882
4.350940
4.424237
4.496745
4.568434
4.639275
4.709241
4.778302
4.846428
4.913592
4.979764
5.044915
5.109017
5.172041
5.233958
5.294738
5.354354
5.412775
5.469974
5.525921
5.580588
5.633946
5.685965
5.736617
5.785873
5.833704
5.880082
5.924977
5.968360
6.010238
6.050699
6.089846
6.127781
6.164607
6.200426
6.235340
6.269452
6.302864
6.335679
6.367998
6.399925
6.431561
6.463009
6.494371
6.525749
6.557247
6.588966
6.621008
6.653477
6.686473
6.720101
6.754461
6.789657
6.825791
6.862964
6.901281
6.940842
6.981750
7.024108
7.068017
7.113581
7.160902
7.210081
7.261222
7.314426
7.369797
7.427435
7.487445
7.549927
7.614985
7.682721
7.753237
7.826636
7.903019
7.982490
8.065150
8.151102
8.240448
8.333291
8.429706
8.529655
8.633068
8.739876
8.850007
8.963394
9.079966
9.199653
9.322387
9.448096
9.576712
9.708163
9.842345
9.979103
10.118282
10.259723
10.403271
10.548768
10.696058
10.844985
10.995390
11.147119
11.300012
11.453915
11.608671
11.764121
11.920111
12.076482
12.233078
12.389743
12.546319
12.702651
12.858580
13.013951
13.168606
13.322389
13.475143
13.626712
13.776937
13.925664
14.072734
14.217992
14.361280
14.502442
14.641320
14.777759
14.911616
15.042859
15.171505
15.297573
15.421079
15.542041
15.660478
15.776405
15.889841
16.000804
16.109310
16.215378
16.319025
16.420268
16.519125
16.615614
16.709752
16.801557
16.891046
16.978237
17.063148
17.145795
17.226196
17.304370
17.380333
17.454103
17.525698
17.595135
17.662432
17.727605
17.790674
17.851655
17.910566
17.967424
18.022248
18.075054
18.125859
18.174683
18.221542
18.266453
18.309435
18.350504
18.389679
18.426977
18.462415
18.496011
18.527783
18.557747
18.585923
18.612326
18.636975
18.659888
18.681081
18.700573
18.718380
18.734521
18.749013
18.761873
18.773120
18.782770
18.790841
18.797351
18.802318
18.805758
18.807689
18.808129
18.807096
18.804607
18.800679
18.795330
18.788578
18.780440
18.770934
18.760077
18.747887
18.734381
18.719577
18.703493
18.686146
18.667553
18.647732
18.626700
18.604476
18.581077
18.556520
18.530823
18.504003
18.476077
18.447065
18.416982
18.385847
18.353677
18.320490
18.286302
18.251133
18.214999
18.177917
18.139906
18.100983
18.061165
18.020470
17.978916
17.936520
17.893299
17.849272
17.804455
17.758866
17.712524
17.665444
17.617646
17.569146
17.519962
17.470112
17.419612
17.368482
17.316737
17.264396
17.211477
17.157996
17.103971
17.049421
16.994362
16.938812
16.882788
16.826308
16.769391
16.712052
16.654310
16.596182
16.537686
16.478840
16.419660
16.360165
16.300372
16.240298
16.179961
16.119379
16.058570
15.997599
15.936592
15.875681
15.814998
15.754675
15.694843
15.635635
15.577181
15.519614
15.463065
15.407667
15.353551
15.300848
15.249691
15.200211
15.152540
15.106809
15.063151
15.021697
14.982579
14.945929
14.911878
14.880558
14.852101
14.826639
14.804303
14.785225
14.769538
14.757371
14.748859
14.744131
14.743320
14.746558
14.753976
14.765707
14.781881
14.802631
14.828088
14.858385
14.893652
14.934022
14.979626
15.030596
15.087064
15.149162
15.217021
15.290774
15.370551
15.456484
15.548704
15.647232
15.751955
15.862747
15.979483
16.102038
16.230288
16.364107
16.503371
16.647954
16.797732
16.952580
17.112373
17.276986
17.446294
17.620173
17.798496
17.981140
18.167980
18.358890
18.553746
18.752422
18.954795
19.160739
19.370128
19.582839
19.798746
20.017725
20.239650
20.464396
20.691839
20.921854
21.154316
21.389100
21.626080
21.865133
22.106133
22.348956
22.593476
22.839568
23.087108
23.335971
23.586031
23.837164
24.089246
24.342150
24.595753
24.849929
25.104553
25.359501
25.614647
25.869867
26.125036
26.380029
26.634720
26.888986
27.142700
27.395739
27.647978
27.899290
28.149552
28.398639
28.646426
28.892787
29.137598
29.380734
29.622071
29.861482
30.098844
30.334031
30.566919
30.797382
31.025296
31.250536
31.473010
31.692658
31.909425
32.123254
32.334089
32.541873
32.746551
32.948066
33.146362
33.341383
33.533071
33.721372
33.906229
34.087585
34.265384
34.439570
34.610087
34.776878
34.939888
35.099059
35.254336
35.405662
35.552981
35.696237
35.835374
35.970334
36.101063
36.227504
36.349599
36.467294
36.580532
36.689257
36.793412
36.892941
36.987787
37.077896
37.163209
37.243672
37.319227
37.389819
37.455390
37.515886
37.571250
37.621425
37.666354
37.705983
37.740254
37.769112
37.792500
37.810361
37.822640
37.829280
37.830225
37.825418
37.814804
37.798327
37.775929
37.747554
37.713147
37.672651
37.626010
37.573167
37.514066
37.448652
37.376867
37.298655
37.213961
37.122727
37.024898
36.920468
36.809599
36.692487
36.569330
36.440325
36.305669
36.165558
36.020191
35.869764
35.714475
35.554519
35.390095
35.221399
35.048628
34.871980
34.691652
34.507840
34.320742
34.130554
33.937475
33.741700
33.543427
33.342853
33.140175
32.935590
32.729296
32.521488
32.312365
32.102124
31.890960
31.679072
31.466657
31.253911
31.041032
30.828217
30.615662
30.403565
30.192124
29.981534
29.771993
29.563698
29.356846
29.151635
28.948261
28.746921
28.547812
28.351132
28.157078
27.965846
27.777597
27.592269
27.409717
27.229793
27.052351
26.877246
26.704330
26.533458
26.364484
26.197261
26.031643
25.867484
25.704637
25.542956
25.382295
25.222508
25.063448
24.904970
24.746927
24.589172
24.431560
24.273944
24.116177
23.958147
23.799847
23.641290
23.482493
23.323470
23.164236
23.004807
22.845198
22.685423
22.525498
22.365437
22.205257
22.044971
21.884595
21.724144
21.563633
21.403077
21.242491
21.081891
20.921290
20.760705
20.600151
20.439642
20.279193
20.118820
19.958537
19.798361
19.638305
19.478384
19.318615
19.159012
18.999589
18.840363
18.681347
18.522558
18.364010
18.205719
18.047698
17.889964
17.732532
17.575416
17.418632
17.262194
17.106118
16.950419
16.795111
16.640211
16.485732
16.331691
16.178101
16.024979
15.872339
15.720196
15.568565
15.417462
15.266901
15.116898
14.967467
14.818624
14.670383
14.522760
14.375770
14.229428
14.083749
13.938748
13.794439
13.650839
13.507962
13.365823
13.224438
13.083820
12.943987
12.804951
12.666729
12.529336
12.392786
12.257095
12.122278
11.988350
11.855325
11.723220
11.592048
11.461825
11.332567
11.204288
11.077002
10.950727
10.825475
10.701263
10.578106
10.456018
10.335014
10.215111
10.096321
9.978662
9.862148
9.746793
9.632614
9.519624
9.407839
9.297275
9.187946
9.079867
8.973053
8.867520
8.763282
8.660355
8.558753
8.458492
8.359587
8.262052
8.165903
8.071155
7.977823
7.885921
7.795466
7.706472
7.618954
7.532928
7.448407
7.365408
7.283945
7.204034
7.125690
7.048926
6.973760
6.900205
6.828277
6.757991
6.689361
6.622404
6.557134
6.493565
6.431714
6.371595
6.313223
6.256614
6.201782
6.148742
6.097510
6.048100
6.000528
5.954808
5.910957
5.868988
5.828917
5.790758
5.754528
5.720241
5.687912
5.657556
5.629188
5.602823
5.578477
5.556164
5.535900
5.517699
5.501577
5.487548
5.475628
5.465832
5.458174
5.452671
5.449336
5.448185
5.449234
5.452496
5.457988
5.465723
5.475719
5.487988
5.502547
5.519410
5.538593
5.560110
5.583978
5.610209
5.638821
5.669827
5.703244
5.739085
5.777366
5.818102
5.861309
5.907000
5.955192
6.005899
6.059137
6.114920
6.173263
6.234182
6.297692
6.363807
6.432543
6.503915
6.577937
6.654626
6.733995
6.816061
6.900838
6.988340
7.078584
7.171585
7.267356
7.365914
7.467274
7.571449
7.678457
7.788311
7.901027
8.016619
8.135104
8.256495
8.380808
8.508058
8.638261
8.771430
8.907582
9.046730
9.188891
9.334080
9.482310
9.633599
9.787960
9.945408
10.105959
10.269628
10.436429
10.606379
10.779491
10.955781
11.135264
11.317956
11.503870
11.693023
11.885429
12.081103
12.280060
12.482316
12.687886
12.896784
13.109026
13.324626
13.543600
13.765963
13.991730
14.220915
14.453535
14.689604
14.929137
15.172148
15.418655
15.668670
15.922210
16.179289
16.439923
16.704126
16.971913
17.243301
17.518303
17.796935
18.079211
18.365148
18.654759
18.948061
19.245067
19.545794
19.850256
20.158468
20.470445
20.786203
21.105756
21.429119
21.756309
22.087338
22.422224
22.760980
23.103622
23.450164
23.800623
24.155013
24.513348
24.875645
25.241918
25.612182
25.986452
26.364744
26.747072
27.133451
27.523897
27.918425
28.317049
28.719785
29.126648
29.537652
29.952813
30.372146
30.795667
31.223389
31.655328
32.091500
32.531918
32.976599
33.425558
33.878808
34.336367
34.798247
35.264466
35.735037
36.209975
36.689297
37.173016
37.661148
38.153708
38.650711
39.152173
39.658107
40.168529
40.683455
41.202899
41.726876
42.255402
42.788492
43.326160
43.868421
44.415291
44.966785
45.522918
46.083704
46.649160
47.219299
47.794137