50 5
0.00006528269064820993 0.00007829132102267166 -0.00017222493505700390 -0.00019486597919339264 0.00001766626703994325
0.00015204363478230930 0.00019281514778061239 -0.00009617227556691141 -0.00019933808839655651 0.00008656783473056413
0.00017473701436533762 0.00001861305454575672 -0.00021300418485701664 -0.00001382581900325811 0.00011290032978304704
0.00002546189981260904 0.00012525699928305457 -0.00017288357357348393 -0.00006943257504448555 0.00021808908681560685
0.00023275464198623075 0.00010892020521146015 -0.00007910284401801772 -0.00019461638823031695 0.00010001948002126009
0.00016859278676955832 0.00007242566721600263 -0.00018635204725434487 -0.00007001954322962122 0.00007732706679303355
0.00003826368544998865 0.00015255024748557031 -0.00012019186516620528 -0.00020159180264459146 0.00017201399639366169
0.00005710302686011857 0.00014470393445843212 -0.00010672024458156734 -0.00020487162413297005 0.00009737047719568502
0.00003464160634861396 0.00015705550151589792 -0.00014893382654447085 -0.00013495640850916246 0.00014817062787995187
0.00021984631953184420 0.00019665633872117288 -0.00005450212623141984 -0.00010516969628199241 0.00008178243848389742
0.00019669694500514979 0.00005316863214037533 -0.00016767678753446899 -0.00018637182130860848 0.00014890083471113012
0.00023860001334899213 0.00023532066033197504 -0.00016674289925149065 -0.00018026843605643144 0.00026620672840029798
0.00024840385871354614 0.00011538621078436499 -0.00018388396507704096 -0.00012930672406256128 0.00004209662001678513
0.00029878410033601518 0.00014329432836678943 -0.00026102819576049636 -0.00028118465046969040 0.00005602794985712198
0.00008162978278286681 0.00000842123307460904 -0.00010631883025538191 -0.00000339894952248917 0.00026577749657519896
0.00006220241118892148 0.00004297044008469136 -0.00007121667218181089 -0.00028968569992726960 0.00000841898727745759
0.00030967310369655801 0.00021853404710871018 -0.00011328995098940316 -0.00001786582134353768 0.00023501328574585377
0.00029379099639825925 0.00032145457802069233 -0.00017682759752607035 -0.00019092167640826532 0.00023217730719012346
0.00025027111016985771 0.00019131944387565427 -0.00029507712020171461 -0.00008863593449436748 0.00008635633798332764
0.00009543690786247596 0.00026563889795049028 -0.00021970111813669147 -0.00003453762886287343 0.00032336288471513958
0.00039563715248728290 0.00032813092276376090 -0.00012815332006047949 -0.00025128733652854851 0.00016256490751904697
0.00019173186247423566 0.00006694981948582250 -0.00012018171384407275 -0.00016423134461767834 0.00000571183464319642
0.00025604792544779573 0.00038714675364344393 -0.00009026771479904903 -0.00030733121114461941 0.00014413763087153724
0.00035497170875562151 0.00036973568988285548 -0.00030943850079528381 -0.00007823803799197960 0.00026067400668361549
0.00032414891216646287 0.00028855778097594564 -0.00036244913920939926 -0.00034348934533762573 0.00031575105341363747
0.00040632914864727730 0.00036057342032868260 -0.00018387947194517361 -0.00016409692493682892 0.00016895386557354107
0.00010608082479434788 0.00043332825546431661 -0.00006597860666730172 -0.00013741026997098442 0.00008444251756992107
0.00046589649512735506 0.00047479017307667484 -0.00035987921234386359 -0.00020112112672713854 0.00009428759997908954
0.00014464214608301572 0.00036665969610574664 -0.00011726505223652745 -0.00017797546164255819 0.00024968295372082252
0.00024985329981772042 0.00008911364473838980 -0.00024186053590039640 -0.00005853325076399663 0.00030464979193375690
0.00003811546296042189 0.00056599927545949178 -0.00053280146152443386 -0.00003089257123955638 0.00022570493460004578
0.00048581961154281884 0.00005308417754696900 -0.00060567528881475148 -0.00028732175159794398 0.00022068745127278038
0.00040311044806321650 0.00001052563326469533 -0.00013055023784616713 -0.00018225612365891771 0.00037448933051593741
0.00054291375071134824 0.00033976540773932273 -0.00000756322534231032 -0.00066862463128820773 0.00023719915716406809
0.00081343164194251736 0.00001523636767149793 -0.00068805920270767463 -0.00013316937057588439 0.00043288041176788624
0.00011954111363180144 0.00041704573918412006 -0.00071851769616159734 -0.00042920195465326485 0.00033867518181625393
0.00102539398425459177 0.00063404657300086137 -0.00033754653271899471 -0.00051996436479170513 0.00040806967968212016
0.00066388712019527587 0.00100370734624073460 -0.00024542018345560113 -0.00062146677493440472 0.00061516002087706365
0.00027728592648734724 0.00031532669099977839 -0.00003557728312838795 -0.00014307495172482902 0.00038671919396217065
0.00024798612525438001 0.00107133740670648501 -0.00066468532081920652 -0.00059551515217306757 0.00025854659484537642
0.00049422649586730496 0.00071077100511021652 -0.00106262239073920254 -0.00061463317569714407 0.00011664413590039424
0.00163535196542104405 0.00055305657703694699 -0.00037246513887996405 -0.00040691771477885456 0.00057301884834316200
0.00197148315480084836 0.00220057969113399750 -0.00102866023684627136 -0.00163510389835468464 0.00095692742316078007
0.00496581173680300109 0.00268816538566986514 -0.00099182609136746233 -0.00105527934299265978 0.00056011798079459523
0.00640973056145531257 0.00372419297278375966 -0.00289051423341424481 -0.00136666211229002910 0.00119564020390494196
0.99994743877451741643 0.00108937640166546453 -0.00477648942505332942 -0.00112042188119537917 0.00146946980604838900
-0.00114502179848471387 0.99997394499514180577 -0.00044414179769228235 -0.00395895835912354801 0.00176933694744569854
-0.00481898317805827970 -0.00050984543446036935 -0.99993524559999391599 -0.00928568763935327945 0.00221013515737999771
-0.00110392768439570438 -0.00398492710525826660 0.00931978527874228330 -0.99991218297645401147 0.00793496436380006914
0.00023275464198623075 0.00010892020521146015 -0.00007910284401801772 -0.00019461638823031695 0.00010001948002126009