50 5
0.99995480380205747917 0.00828032216903352297 0.00192054929048376412 -0.00259748146209723852 0.00196432379606543018
-0.00831014213807217128 0.99991409841376777123 0.00939609561785970625 -0.00263592514353313320 0.00026099736068904624
-0.00188029456663122655 -0.00944072234788501802 0.99990627248346075628 -0.00807743909849451859 0.00335282998231435344
-0.00257151034366347089 -0.00259105915568694396 -0.00812677143223739309 -0.99994905189771932097 0.00167660037977716034
-0.00197025080435507711 -0.00025774188258747080 -0.00337589347932773162 0.00173877927361229946 0.99995613815987516304
-0.00180327243794560868 -0.00046318354676424275 -0.00301388914721537277 0.00121301632082775708 -0.00573999741884455815
-0.00030210795703685609 -0.00130294325698770042 -0.00118301337029079663 0.00265160685680816341 -0.00435483857680590055
-0.00045527764258920220 -0.00147326844572569877 -0.00042185248731359899 0.00182746431249811289 -0.00246987228717304936
-0.00094388905349955695 -0.00048287837360218002 -0.00156676657870101293 0.00131532738854133868 -0.00154888480205943031
-0.00029659446902410462 -0.00006272550126064491 -0.00129463814349077143 0.00161732733191218589 -0.00005632108367637818
-0.00054587333157898865 -0.00001671518395479105 -0.00016809045648751475 0.00090348357265179562 -0.00123096874210867511
-0.00042022731867303139 -0.00044532668594764586 -0.00096616920036015665 0.00094990305637435775 -0.00118052287221606027
-0.00051595378097868980 -0.00005067984687886827 -0.00063115957026263448 0.00010158902564458034 -0.00114670615789733035
-0.00027181542619410427 -0.00019208965754594483 -0.00038435164661077497 0.00012976993940749522 -0.00095842428383655347
-0.00035414171156781756 -0.00073941276246588671 -0.00051297089321121492 0.00047180553283185150 -0.00082163131380476111
-0.00062340729297277199 -0.00064243116120584170 -0.00021311408287439111 0.00006024637018923139 -0.00087635723019383624
-0.00056318624539182039 -0.00056249772443229737 -0.00056126368131704640 0.00005401932944609527 -0.00061260980916097419
-0.00036740374302516823 -0.00016321363825863412 -0.00019852241764544245 0.00014164690766415330 -0.00068496923558796115
-0.00039113946167064766 -0.00031432618242948463 -0.00027552120709429265 0.00030649205175619845 -0.00069850175180163280
-0.00006768264887099339 -0.00020279797525439325 -0.00012544949607725867 0.00050806497600328884 -0.00043604783052226891
-0.00029552249530424970 -0.00039751805799012830 -0.00009975563536015809 0.00033409287918853428 -0.00030317881525524166
-0.00000126961783298485 -0.00025066944868406708 -0.00013996954148243028 0.00041676324325437347 -0.00008812126333158851
-0.00010418259813889418 -0.00031320048990907248 -0.00027615429054071266 0.00002579055025544276 -0.00045397029050006177
-0.00005350119800185677 -0.00023662865101706796 -0.00019431511053558424 0.00007509280810069628 -0.00046055411165490273
-0.00033123174006985607 -0.00001505568489649994 -0.00007072663599564654 0.00047327401238682321 -0.00003288390751847084
-0.00005749397459882552 -0.00017677766904915045 -0.00039155322322517765 0.00009317328532327648 -0.00030536714838020658
-0.00014812884625616329 -0.00037067439103877415 -0.00004058566006493390 0.00038529154319885900 -0.00010792422223825154
-0.00004179396519415889 -0.00035550433172826685 -0.00004871761793956108 0.00004942707068023965 -0.00026722000141118408
-0.00003326982660073217 -0.00026260413890814377 -0.00018698824068618669 0.00039864751406606627 -0.00009197247507933363
-0.00034071537771431762 -0.00009939359479083285 -0.00027924845190688052 0.00002043531938408944 -0.00027569334483154855
-0.00006695640768977619 -0.00024864329799972656 -0.00034824168938574207 0.00032227900428681366 -0.00011822877862351772
-0.00016070536603991022 -0.00020934596567882279 -0.00032077819883213172 0.00002616640727386102 -0.00011683431780570668
-0.00025899791963873058 -0.00011255626355203600 -0.00022699288823311713 0.00000140880259288621 -0.00007926793890747474
-0.00018118344327755484 -0.00021284567052801714 -0.00012100928608724837 0.00030686268944546012 -0.00002218964283442353
-0.00008375498650560589 -0.00004669960357581806 -0.00023079316655267700 0.00019142812557012998 -0.00020876267825484032
-0.00017891873572490531 -0.00012800939697055850 -0.00011032373304389847 0.00005539683044086305 -0.00006863866608203662
-0.00014133966719497606 -0.00024964340126530464 -0.00008590177824994867 0.00004791201667076148 -0.00019970375792624064
-0.00012914360918957221 -0.00022874264868637305 -0.00006510142681002256 0.00011386499878950262 -0.00015155445147422238
-0.00025207010810184618 -0.00008748239178624899 -0.00015823989868207547 0.00026013690252960948 -0.00028263013424535113
-0.00007204913580044308 -0.00005773885577520655 -0.00006243161445816085 0.00022573482511966924 -0.00007575660088535121
-0.00018925083630685652 -0.00022867144031488100 -0.00003998209045959215 0.00009654239045611460 -0.00014953937657002019
-0.00012557000681361451 -0.00008525270201514144 -0.00018545806144082991 0.00014548321167489543 -0.00019294851014075499
-0.00018006317186897733 -0.00016674513115524686 -0.00003008021361112253 0.00014743172914699761 -0.00002730299288711020
-0.00008888252369736379 -0.00022475670573889522 -0.00019262827414959159 0.00011325873541694931 -0.00011822572986226020
-0.00019939478720145144 -0.00013624746937005198 -0.00003691555787298249 0.00016649898147858626 -0.00014538158339113611
-0.00005949411019890368 -0.00014690503566218912 -0.00017186075069053539 0.00002351539944756994 -0.00022780342411838280
-0.00007332286584297312 -0.00018943450835741992 -0.00001581662566058860 0.00012192317687530187 -0.00010465648308363924
-0.00016874860064813890 -0.00009329566998599367 -0.00020882830808638579 0.00017254011879312396 -0.00007593247065256605
-0.00018808418292967226 -0.00019642532218684292 -0.00001094692600718042 0.00006629220069701273 -0.00018988825018518988
-0.00197025080435507711 -0.00025774188258747080 -0.00337589347932773162 0.00173877927361229946 0.99995613815987516304