1000 1
0.000000
0.057334
0.114668
0.172001
0.229335
0.286669
0.344003
0.401337
0.458670
0.516004
0.573338
0.630672
0.688006
0.745339
0.802673
0.860007
0.917341
0.974675
1.032008
1.098941
1.166422
1.233903
1.301384
1.368865
1.436346
1.503827
1.571308
1.638789
1.706270
1.773751
1.843195
1.914123
1.985050
2.056640
2.128642
2.200644
2.272645
2.345172
2.418240
2.491310
2.564381
2.637451
2.710521
2.783592
2.855669
2.927163
2.998657
3.070151
3.141645
3.213138
3.284632
3.356126
3.427620
3.499114
3.570607
3.642101
3.713595
3.785089
3.856583
3.928077
3.999570
4.069480
4.136740
4.204000
4.266483
4.327408
4.388333
4.449258
4.510183
4.571108
4.632033
4.692958
4.753883
4.814808
4.875733
4.936658
4.997583
5.057650
5.110032
5.162414
5.214796
5.267178
5.316204
5.364899
5.406540
5.448181
5.489822
5.531463
5.573105
5.614746
5.656387
5.698028
5.739669
5.781310
5.795972
5.800892
5.805812
5.810732
5.815652
5.820573
5.825493
5.830413
5.835333
5.840253
5.845173
5.850093
5.855013
5.859933
5.864853
5.869773
5.874693
5.879613
5.884534
5.889454
5.894374
5.899294
5.904214
5.909134
5.914054
5.918974
5.923894
5.928814
5.933734
5.938654
5.943574
5.948495
5.953415
5.958335
5.963255
5.968175
5.973095
5.978015
5.982935
5.987855
5.992775
5.997695
6.002615
6.007535
6.012456
6.017376
6.022296
6.027216
6.032136
6.037056
6.041976
6.046896
6.051816
6.056736
6.061656
6.066576
6.069543
6.059263
6.048982
6.038702
6.028680
6.019484
6.011760
6.007023
6.002286
5.997550
5.992813
5.988076
5.983340
5.978603
5.973866
5.969130
5.964393
5.959656
5.970166
5.982921
5.995677
6.008433
6.021189
6.033944
6.046700
6.059456
6.072211
6.084967
6.097723
6.110478
6.123234
6.135990
6.148745
6.161501
6.174257
6.187012
6.213192
6.243815
6.274438
6.319346
6.380266
6.441185
6.502105
6.563024
6.623944
6.684863
6.745783
6.806702
6.867622
6.928542
6.989461
7.050381
7.111300
7.172220
7.233139
7.294059
7.354978
7.415898
7.476817
7.537737
7.598656
7.659576
7.720495
7.781415
7.856018
7.952765
8.049512
8.146259
8.243006
8.339753
8.436500
8.554293
8.674371
8.794449
8.914528
9.034606
9.154684
9.274762
9.394840
9.514918
9.634997
9.755075
9.875153
9.995231
10.115309
10.235388
10.362108
10.499227
10.636346
10.783123
10.935101
11.087079
11.239057
11.391035
11.543012
11.694990
11.846968
11.998946
12.150924
12.302902
12.454880
12.606858
12.758836
12.910813
13.062791
13.214769
13.366747
13.518725
13.670703
13.822681
13.974659
14.133482
14.293318
14.453154
14.612990
14.772608
14.932148
15.091688
15.249839
15.406931
15.564022
15.721113
15.878204
16.035295
16.192387
16.348172
16.474182
16.600192
16.726202
16.852212
16.978222
17.104233
17.230243
17.356253
17.482263
17.608273
17.734283
17.860293
17.986303
18.112313
18.238324
18.364334
18.490344
18.616354
18.742364
18.868374
18.994384
19.120394
19.246404
19.372414
19.498425
19.624435
19.750445
19.876455
20.002465
20.128475
20.254485
20.380495
20.496462
20.568272
20.640081
20.711891
20.783701
20.855511
20.927321
20.999131
21.070941
21.136601
21.188891
21.241180
21.290297
21.333557
21.376662
21.394748
21.405419
21.416090
21.426761
21.437432
21.448103
21.458775
21.469446
21.480117
21.490788
21.501459
21.512130
21.522801
21.533472
21.544143
21.554814
21.534039
21.510974
21.487909
21.463787
21.429848
21.395908
21.357393
21.307826
21.258260
21.208693
21.159126
21.109560
21.059993
21.010426
20.945856
20.881216
20.816576
20.723794
20.624571
20.525348
20.426125
20.326901
20.227678
20.128455
20.029232
19.930009
19.830785
19.731562
19.632339
19.533116
19.433892
19.334669
19.235446
19.136223
19.037000
18.937776
18.838553
18.739330
18.640107
18.540883
18.441660
18.342437
18.243214
18.143991
18.044767
17.945544
17.846321
17.747098
17.647874
17.548651
17.449428
17.350205
17.250982
17.151758
17.052535
16.949856
16.844581
16.739305
16.638165
16.538184
16.438203
16.338222
16.238241
16.145937
16.063152
15.980367
15.897582
15.814797
15.732012
15.649227
15.566442
15.483657
15.400873
15.318088
15.235303
15.189897
15.177535
15.165174
15.152812
15.140450
15.128088
15.115726
15.103364
15.091003
15.078641
15.066279
15.053917
15.041555
15.029194
15.016832
15.004470
14.992108
14.979746
14.967384
14.955023
14.942661
14.930299
14.917937
14.905575
14.893213
14.880852
14.868490
14.856128
14.843766
14.831404
14.904046
15.015152
15.126258
15.237364
15.348471
15.459577
15.570683
15.681789
15.792896
15.904002
16.015108
16.126214
16.237320
16.348427
16.459533
16.570639
16.681745
16.792852
16.903958
17.015064
17.126170
17.237277
17.348383
17.459489
17.570595
17.707901
17.896041
18.084181
18.272322
18.460462
18.648602
18.836742
19.024882
19.213023
19.401163
19.599735
19.809380
20.024846
20.242817
20.460788
20.688743
20.931630
21.174517
21.417404
21.660291
21.903178
22.146065
22.388952
22.631839
22.874726
23.117613
23.360500
23.603387
23.846274
24.089161
24.332048
24.576082
24.835144
25.094207
25.353269
25.614331
25.875489
26.134007
26.388983
26.643959
26.898935
27.153912
27.408888
27.663864
27.918840
28.173816
28.428793
28.683769
28.938745
29.193721
29.448698
29.703674
29.958650
30.213626
30.468602
30.723579
30.978555
31.233531
31.488507
31.734504
31.969495
32.186225
32.398356
32.610486
32.822617
33.034747
33.246878
33.459008
33.671139
33.883269
34.095400
34.307530
34.519660
34.700755
34.833151
34.965546
35.097942
35.230337
35.362733
35.495128
35.627524
35.759919
35.892315
36.024710
36.157106
36.289501
36.421897
36.554292
36.686688
36.819083
36.951479
37.083874
37.216270
37.348665
37.481061
37.613456
37.667854
37.679545
37.691235
37.702925
37.714616
37.726306
37.737996
37.749687
37.761377
37.773068
37.784758
37.796448
37.808139
37.819829
37.831519
37.843210
37.854900
37.866591
37.878281
37.881496
37.824580
37.767665
37.710749
37.612896
37.471890
37.330885
37.189879
37.048873
36.907868
36.766862
36.625856
36.484850
36.343845
36.202839
36.061833
35.920827
35.779822
35.638816
35.497810
35.356804
35.215799
35.074793
34.933787
34.792781
34.651776
34.510770
34.369764
34.228758
34.087753
33.946747
33.805741
33.664736
33.523730
33.382724
33.209005
33.004580
32.798184
32.591789
32.385393
32.178997
31.972602
31.766206
31.559811
31.349354
31.135821
30.922289
30.708757
30.495224
30.281692
30.068159
29.854627
29.641754
29.429395
29.217036
29.007148
28.817693
28.628238
28.438783
28.249328
28.059873
27.870418
27.680963
27.491508
27.302053
27.112597
26.923142
26.733687
26.544232
26.354777
26.165322
25.975867
25.786412
25.596957
25.407502
25.223712
25.069320
24.930110
24.790899
24.651689
24.512478
24.373267
24.247847
24.146546
24.045245
23.943944
23.842643
23.741342
23.640041
23.538741
23.437440
23.366797
23.310678
23.254558
23.198438
23.142318
23.086198
23.052826
23.049067
23.045307
23.041548
23.037789
23.034029
23.030270
23.026511
23.022751
23.025969
23.070697
23.115426
23.160154
23.204883
23.296046
23.398614
23.501183
23.603751
23.706320
23.808888
23.911457
24.014025
24.116594
24.219162
24.321731
24.438660
24.591756
24.744853
24.939247
25.142357
25.345467
25.548577
25.751687
25.954797
26.157907
26.361017
26.564127
26.767237
26.970347
27.173457
27.403113
27.705618
28.008122
28.310627
28.613131
28.915636
29.218141
29.520645
29.823150
30.125654
30.428159
30.730663
31.033168
31.335673
31.638177
31.940682
32.243186
32.545691
32.848196
33.150700
33.453205
33.755709
34.058214
34.398416
34.748853
35.099291
35.453904
35.812154
36.170404
36.528653
36.891549
37.256545
37.621541
37.986538
38.351534
38.716531
39.081527
39.446524
39.811520
40.176516
40.535679
40.894103
41.252527
41.610951
41.969375
42.327800
42.686224
43.044648
43.403072
43.761496
44.119920
44.465774
44.807803
45.149831
45.480078
45.784869
46.089660
46.394450
46.699241
47.004032
47.308822
47.613613
47.918404
48.223194
48.527985
48.832776
49.137566
49.442357
49.747148
50.025277
50.287055
50.528153
50.769251
51.010349
51.251447
51.491048
51.711457
51.924786
52.131474
52.296866
52.447826
52.598785
52.749745
52.900704
53.051664
53.202623
53.353583
53.504542
53.655502
53.806461
53.957421
54.108380
54.214769
54.290612
54.353942
54.417273
54.480603
54.543934
54.607264
54.599319
54.549596
54.499873
54.450149
54.400426
54.350703
54.300980
54.251257
54.201534
54.151811
54.102088
54.052365
54.002642
53.952919
53.903196
53.853473
53.803750
53.754027
53.704304
53.654581
53.602894
53.463139
53.266693
53.029386
52.792078
52.554771
52.317463
52.080155
51.842848
51.605540
51.368232
51.130925
50.893617
50.656310
50.419002
50.181694
49.944387
49.707079
49.469771
49.232464
48.995156
48.757848
48.520541
48.283233
48.045926
47.808618
47.571310
47.334003
47.096695
46.859387
46.622080
46.384772
46.094920
45.785936
45.475128
45.164319
44.853511
44.542702
44.231894
43.921085
43.610277
43.299468
42.988660
42.677851
42.367043
42.056234
41.745425
41.434617
41.123808
40.813000
40.502191
40.191383
39.880574
39.569766
39.258957
38.948149
38.637340
38.326532
38.015723
37.757064
37.521589
37.286115
37.050641
36.815167
36.579693
36.344218
36.108744
35.873270
35.637796
35.402322
35.166847
34.931373
34.695899
34.460425
34.224951
33.989476
33.754002
33.518528
33.283054
33.047580
32.917125
32.803956
32.690788
32.577620
32.464452
32.351284
32.238116
32.124948
32.011780
31.898612
31.785444
31.672276
31.559107
31.518074
31.518672
31.519271
31.519869
31.520468
31.521066
31.521664
31.522263
31.522861
31.523460
31.524058
31.530761
31.631689
31.732616
31.833544
31.934472
32.035399
32.136327
32.237254
32.338182
32.454837
32.631825
32.808814
32.985803
33.162792
33.339780
33.516769
33.715219
33.933382
34.181581
34.455374
34.729167
35.002959
35.276752
35.550545
35.824337
36.098130
36.371923
36.645715
36.921753
37.255526
37.589298
37.923071
38.256843
38.614807
38.974432
39.334056
39.755331
40.178426
40.601522
41.024617
41.447712
41.870807
42.293902
42.716997
43.140092
43.563187
43.986282
44.409377
44.832472
45.255567
45.678662
46.101757
46.524852
46.947947
47.371042
47.794137