1000 1
0.000000
0.035308
0.070617
0.105925
0.141234
0.176542
0.211851
0.247159
0.282468
0.317776
0.353085
0.388393
0.423702
0.459010
0.494319
0.529627
0.564936
0.600244
0.635553
0.670861
0.706170
0.741478
0.776787
0.812095
0.847404
0.882712
0.918021
0.953329
0.988638
1.023946
1.059255
1.094563
1.129872
1.165180
1.200489
1.235797
1.271106
1.306414
1.341723
1.377031
1.412340
1.447648
1.482957
1.518265
1.553574
1.588882
1.624191
1.659499
1.694808
1.730116
1.765425
1.800733
1.836042
1.871350
1.906659
1.941967
1.977276
2.012584
2.047893
2.083201
2.118510
2.153818
2.189127
2.224435
2.259744
2.295052
2.330361
2.365669
2.400977
2.436286
2.471594
2.506903
2.542211
2.577520
2.612828
2.648137
2.683445
2.718754
2.754062
2.789371
2.824679
2.859988
2.895296
2.930605
2.965913
3.001222
3.036530
3.071839
3.107147
3.142456
3.177764
3.213073
3.248381
3.283690
3.318998
3.354307
3.389615
3.424924
3.460232
3.495541
3.530849
3.566158
3.601466
3.636775
3.672083
3.707392
3.742700
3.778009
3.813317
3.848626
3.883934
3.919243
3.954551
3.989860
4.025168
4.060477
4.095785
4.131094
4.166402
4.201711
4.237019
4.272328
4.307636
4.342945
4.378253
4.413562
4.448870
4.484179
4.519487
4.554796
4.590104
4.625413
4.660721
4.696030
4.731338
4.766646
4.801955
4.837263
4.872572
4.907880
4.943189
4.978497
5.013806
5.049114
5.084423
5.119731
5.155040
5.190348
5.225657
5.260965
5.296274
5.331582
5.366891
5.402199
5.437508
5.472816
5.508125
5.543433
5.578742
5.614050
5.649359
5.684667
5.719976
5.755284
5.790593
5.825901
5.861210
5.896518
5.931827
5.969112
6.016419
6.063727
6.111035
6.158342
6.205650
6.252958
6.300265
6.347573
6.394881
6.442188
6.489496
6.536804
6.584111
6.631419
6.678727
6.726034
6.773342
6.820650
6.867957
6.915265
6.962573
7.009880
7.057188
7.104496
7.151803
7.199111
7.246419
7.293726
7.341034
7.388342
7.435649
7.482957
7.530265
7.577572
7.624880
7.672188
7.719495
7.766803
7.814111
7.861418
7.908726
7.956034
8.003341
8.050649
8.097957
8.145264
8.192572
8.239880
8.287187
8.334495
8.446825
8.560852
8.674878
8.788905
8.902931
9.016957
9.130984
9.245010
9.359037
9.473063
9.587089
9.714533
9.863369
10.012206
10.161042
10.309878
10.458715
10.607551
10.756388
10.905224
11.054060
11.202897
11.351733
11.500569
11.649406
11.798242
11.947078
12.095915
12.244751
12.393588
12.542424
12.691260
12.840097
12.988933
13.137769
13.286606
13.435442
13.584278
13.733115
13.881951
14.030787
14.179624
14.328460
14.477297
14.626133
14.774969
14.812202
14.821492
14.830782
14.840073
14.849363
14.858653
14.867944
14.877234
14.886525
14.895815
14.905105
14.914396
14.923686
14.932977
14.942267
14.951557
14.960848
14.970138
14.979428
14.988719
14.998009
15.007300
15.016590
15.025880
15.035171
15.044461
15.053752
15.063042
15.072332
15.081623
15.090913
15.100203
15.109494
15.118784
15.128075
15.137365
15.146655
15.155946
15.165236
15.174527
15.183817
15.193107
15.202398
15.211688
15.220978
15.230269
15.239559
15.248850
15.258140
15.267430
15.276721
15.286011
15.295302
15.304592
15.313882
15.323173
15.332463
15.341753
15.351044
15.360334
15.369625
15.378915
15.388205
15.397496
15.406786
15.416077
15.425367
15.434657
15.443948
15.453238
15.462528
15.471819
15.481109
15.490400
15.499690
15.508980
15.518271
15.527561
15.536852
15.546142
15.555432
15.564723
15.574013
15.583303
15.592594
15.601884
15.611175
15.620465
15.629755
15.639046
15.648336
15.657627
15.666917
15.676207
15.685498
15.694788
15.704078
15.713369
15.722659
15.731950
15.741240
15.750530
15.759821
15.769111
15.778402
15.787692
15.796982
15.806273
15.815563
15.824853
15.834144
15.843434
15.852725
15.862015
15.871305
15.880596
15.889886
15.899176
15.908467
15.917757
15.927048
15.936338
15.945628
15.954919
15.964209
15.973500
15.982790
15.992080
16.001371
16.010661
16.019951
16.029242
16.038532
16.047823
16.057113
16.066403
16.075694
16.077194
16.065792
16.054390
16.042988
16.031586
16.020184
16.008782
15.997380
15.985978
15.974576
15.963173
15.951771
15.940369
15.928967
15.917565
15.906163
15.894761
15.883359
15.871957
15.860554
15.849152
15.837750
15.826348
15.814946
15.803544
15.792142
15.780740
15.769338
15.757935
15.746533
15.735131
15.723729
15.712327
15.700925
15.689523
15.678121
15.666719
15.655316
15.643914
15.632512
15.621110
15.609708
15.598306
15.586904
15.575502
15.564100
15.552697
15.541295
15.529893
15.518491
15.596114
15.810497
16.024881
16.239264
16.453648
16.668031
16.882414
17.096798
17.311181
17.525565
17.739948
17.954331
18.168715
18.383098
18.597482
18.811865
19.026249
19.240632
19.455015
19.669399
19.883782
20.098166
20.312549
20.526932
20.741316
20.955699
21.170083
21.384466
21.598850
21.813233
22.027616
22.242000
22.456383
22.670767
22.885150
23.099533
23.313917
23.528300
23.742684
23.957067
24.171451
24.385834
24.600217
24.814601
25.028984
25.243368
25.457751
25.672134
25.886518
26.100901
26.315285
26.529668
26.744051
26.958435
27.172818
27.387202
27.601585
27.815969
28.030352
28.244735
28.459119
28.673502
28.887886
29.102269
29.316652
29.531036
29.745419
29.959803
30.174186
30.388570
30.602953
30.817336
31.031720
31.189145
31.273884
31.358623
31.443361
31.528100
31.612838
31.697577
31.782315
31.867054
31.951792
32.036531
32.121270
32.206008
32.290747
32.375485
32.460224
32.544962
32.629701
32.714440
32.799178
32.883917
32.968655
33.053394
33.138132
33.222871
33.307609
33.392348
33.477087
33.561825
33.646564
33.731302
33.816041
33.900779
33.985518
34.070256
34.154995
34.239734
34.324472
34.409211
34.493949
34.578688
34.663426
34.748165
34.832903
34.917642
35.002381
35.087119
35.171858
35.256596
35.341335
35.426073
35.510812
35.595551
35.680289
35.765028
35.849766
35.934505
36.019243
36.103982
36.188720
36.273459
36.358198
36.442936
36.527675
36.612413
36.697152
36.781890
36.866629
36.951367
37.019838
36.835049
36.650260
36.465471
36.280682
36.095893
35.911105
35.726316
35.541527
35.356738
35.171949
34.987160
34.802371
34.617583
34.432794
34.248005
34.063216
33.878427
33.693638
33.508849
33.324061
33.139272
32.954483
32.769694
32.584905
32.400116
32.215327
32.030539
31.845750
31.660961
31.476172
31.291383
31.106594
30.921805
30.737016
30.552228
30.367439
30.182650
29.997861
29.813072
29.628283
29.443494
29.258706
29.073917
28.889128
28.704339
28.519550
28.334761
28.149972
27.965184
27.795475
27.628207
27.460938
27.293670
27.126402
26.959133
26.791865
26.624597
26.457328
26.290060
26.122792
25.955523
25.788255
25.620987
25.453718
25.286450
25.119182
24.951913
24.784645
24.617377
24.450108
24.282840
24.130962
24.202236
24.273511
24.344785
24.416060
24.487335
24.558609
24.629884
24.701159
24.772433
24.843708
24.914982
24.986257
25.057532
25.128806
25.200081
25.271356
25.342630
25.413905
25.485179
25.556454
25.627729
25.699003
25.770278
25.841553
25.912827
25.984102
26.055376
26.126651
26.197926
26.269200
26.340475
26.411750
26.483024
26.554299
26.625573
26.696848
26.768123
26.839397
26.910672
26.981947
27.053221
27.124496
27.195770
27.267045
27.338320
27.409594
27.480869
27.552144
27.623418
27.694693
27.765967
27.837242
27.908517
27.979791
28.051066
28.122341
28.193615
28.264890
28.336164
28.407439
28.478714
28.549988
28.621263
28.692538
28.763812
28.835087
28.906361
28.977636
29.048911
29.120185
29.191460
29.262735
29.334009
29.405284
29.476559
29.547833
29.619108
29.690382
29.761657
29.832932
29.904206
29.975481
30.046756
30.118030
30.189305
30.260579
30.331854
30.403129
30.474403
30.545678
30.616953
30.688227
30.759502
30.830776
30.902051
30.973326
31.044600
31.115875
31.187150
31.258424
31.329699
31.400973
31.472248
31.543523
31.614797
31.686072
31.757347
31.828621
31.899896
31.971170
32.042445
32.113720
32.184994
32.256269
32.327544
32.398818
32.470093
32.541367
32.612642
32.683917
32.755191
32.826466
32.897741
32.969015
33.040290
33.111564
33.182839
33.254114
33.325388
33.396663
33.467938
33.539212
33.610487
33.681761
33.753036
33.824311
33.895585
33.966860
34.038135
34.109409
34.180684
34.251958
34.323233
34.394508
34.465782
34.537057
34.608332
34.679606
34.750881
34.822155
34.893430
34.964705
35.035979
35.107254
35.178529
35.249803
35.321078
35.392352
35.463627
35.534902
35.606176
35.677451
35.748726
35.820000
35.891275
35.962550
36.033824
36.105099
36.176373
36.247648
36.318923
36.390197
36.461472
36.532747
36.604021
36.675296
36.746570
36.817845
36.889120
36.960394
37.031669
37.102944
37.174218
37.245493
37.316767
37.388042
37.459317
37.530591
37.601866
37.673141
37.744415
37.815690
37.886964
37.958239
38.029514
38.100788
38.172063
38.243338
38.314612
38.385887
38.457161
38.528436
38.599711
38.670985
38.742260
38.813535
38.884809
38.956084
39.027358
39.098633
39.169908
39.241182
39.312457
39.383732
39.455006
39.526281
39.597555
39.668830
39.740105
39.811379
39.882654
39.953929
40.025203
40.096478
40.167752
40.239027
40.310302
40.381576
40.452851
40.524126
40.595400
40.666675
40.737949
40.809224
40.880499
40.951773
41.023048
41.094323
41.165597
41.236872
41.308146
41.379421
41.450696
41.521970
41.593245
41.664520
41.735794
41.807069
41.878344
41.949618
42.020893
42.092167
42.163442
42.234717
42.305991
42.377266
42.448541
42.519815
42.591090
42.662364
42.733639
42.804914
42.876188
42.947463
43.018738
43.090012
43.161287
43.232561
43.303836
43.375111
43.446385
43.517660
43.588935
43.660209
43.731484
43.802758
43.874033
43.945308
44.016582
44.087857
44.159132
44.230406
44.301681
44.372955
44.444230
44.515505
44.586779
44.658054
44.729329
44.800603
44.871878
44.943152
45.014427
45.085702
45.156976
45.228251
45.299526
45.370800
45.442075
45.513349
45.584624
45.655899
45.727173
45.798448
45.869723
45.940997
46.012272
46.083546
46.154821
46.226096
46.297370
46.368645
46.439920
46.511194
46.582469
46.653743
46.725018
46.796293
46.867567
46.938842
47.010117
47.081391
47.152666
47.223940
47.295215
47.366490
47.437764
47.509039
47.580314
47.651588
47.722863
47.794137