1000 1
0.000000
0.050550
0.102121
0.153944
0.206869
0.261154
0.315733
0.370895
0.427132
0.483984
0.541995
0.600693
0.660091
0.720008
0.781336
0.842663
0.905740
0.969415
1.033090
1.096764
1.161158
1.226816
1.293375
1.360016
1.427583
1.495665
1.564057
1.633126
1.702650
1.772675
1.842951
1.913728
1.984877
2.056397
2.128177
2.200262
2.272626
2.345220
2.417959
2.490881
2.563906
2.637087
2.710272
2.783523
2.856736
2.929941
3.003147
3.076195
3.148923
3.221650
3.294378
3.366622
3.438482
3.510342
3.581957
3.653014
3.723670
3.793901
3.863590
3.932888
4.001573
4.069563
4.137279
4.203982
4.270407
4.335935
4.400752
4.464731
4.528159
4.590409
4.652251
4.713021
4.771203
4.829309
4.887416
4.945522
5.002738
5.057858
5.111801
5.164702
5.215856
5.266639
5.316567
5.365051
5.412348
5.458485
5.503261
5.546905
5.589468
5.630337
5.670617
5.708954
5.745478
5.782001
5.817632
5.851347
5.883351
5.914695
5.944124
5.972834
6.000057
6.024916
6.049603
6.073674
6.095743
6.116347
6.135571
6.154090
6.170959
6.186320
6.201114
6.214059
6.226484
6.236878
6.247252
6.255420
6.263293
6.269660
6.274936
6.279111
6.282351
6.284739
6.285893
6.286388
6.285788
6.284164
6.282004
6.278744
6.274922
6.270218
6.264693
6.258704
6.252023
6.244710
6.236672
6.228403
6.219537
6.210198
6.200403
6.190414
6.180025
6.169390
6.158523
6.147489
6.136330
6.125093
6.113846
6.102601
6.091424
6.080445
6.069645
6.058846
6.048471
6.038366
6.028662
6.019298
6.010465
6.002248
5.994498
5.987423
5.980962
5.975323
5.970345
5.966281
5.963488
5.962056
5.960623
5.959190
5.960638
5.962425
5.964886
5.969876
5.975601
5.981695
5.990107
5.999567
6.011180
6.023505
6.037785
6.053279
6.070697
6.089729
6.110565
6.133007
6.157442
6.183885
6.211470
6.243827
6.278897
6.313966
6.349036
6.384106
6.420127
6.462531
6.507267
6.552033
6.600581
6.650788
6.703361
6.758184
6.815351
6.877292
6.939233
7.001175
7.066172
7.134791
7.204955
7.280470
7.356082
7.431694
7.510865
7.595246
7.679626
7.764258
7.853898
7.946529
8.039160
8.135662
8.233613
8.333630
8.436115
8.540867
8.648248
8.760672
8.873096
8.985520
9.097944
9.215626
9.335132
9.456898
9.580571
9.706485
9.834550
9.965621
10.096692
10.227763
10.361380
10.498321
10.635828
10.775558
10.917697
11.059837
11.203940
11.350605
11.497269
11.643934
11.792378
11.943244
12.094235
12.246779
12.400221
12.554928
12.709905
12.865904
13.022685
13.179858
13.337807
13.496277
13.655067
13.814251
13.973768
14.133394
14.293214
14.453099
14.612977
14.772703
14.932428
15.091795
15.250249
15.408311
15.566372
15.724434
15.882496
16.038321
16.193886
16.349350
16.503175
16.655963
16.807152
16.958134
17.107436
17.255298
17.401340
17.546052
17.690763
17.832442
17.973400
18.111907
18.248370
18.383548
18.514019
18.643280
18.772541
18.901802
19.026755
19.148897
19.268735
19.385812
19.500684
19.612569
19.722551
19.828846
19.933097
20.035156
20.133041
20.228826
20.322306
20.411705
20.498553
20.582678
20.661449
20.739699
20.813637
20.881701
20.949765
21.017829
21.079876
21.135827
21.191778
21.243731
21.290975
21.335789
21.376560
21.413208
21.447396
21.478117
21.502634
21.525332
21.548029
21.564629
21.578178
21.587073
21.592683
21.595828
21.594969
21.589998
21.582173
21.570943
21.556439
21.536899
21.517001
21.491571
21.464130
21.432834
21.395785
21.352410
21.309035
21.265660
21.222285
21.178215
21.124073
21.069087
21.010458
20.947603
20.882748
20.817287
20.744328
20.670442
20.596557
20.522672
20.443517
20.361940
20.277203
20.191739
20.103309
20.013055
19.920918
19.826032
19.728834
19.631636
19.534438
19.434384
19.332204
19.230024
19.126574
19.021389
18.914783
18.807817
18.699967
18.591403
18.482322
18.372623
18.262654
18.152219
18.041785
17.931214
17.820613
17.710229
17.599983
17.490076
17.380504
17.271594
17.163336
17.056092
16.949637
16.844035
16.740244
16.636453
16.533761
16.433704
16.333715
16.237652
16.141618
16.046322
15.955024
15.864251
15.776323
15.690573
15.607183
15.526555
15.448014
15.372866
15.299247
15.228582
15.161729
15.099392
15.041397
14.983401
14.925406
14.870891
14.822487
14.777702
14.736648
14.700119
14.665992
14.636746
14.610685
14.586912
14.571146
14.557428
14.545178
14.541018
14.537124
14.543683
14.553617
14.563551
14.574293
14.598542
14.622790
14.648907
14.683289
14.720798
14.765676
14.812415
14.864673
14.924316
14.983959
15.050104
15.121423
15.200708
15.280611
15.364123
15.454728
15.549952
15.652286
15.757470
15.863827
15.978486
16.099642
16.220797
16.350006
16.481558
16.619370
16.760250
16.905822
17.055734
17.211688
17.370288
17.534185
17.701493
17.873700
18.049909
18.230691
18.415169
18.603820
18.794197
18.990121
19.189469
19.392277
19.599076
19.808990
20.022255
20.239046
20.458814
20.682261
20.911531
21.140801
21.370071
21.600960
21.837597
22.078458
22.319319
22.562079
22.808650
23.055221
23.304660
23.555970
23.808813
24.063529
24.319591
24.577378
24.835166
25.093335
25.353464
25.614088
25.875413
26.136950
26.399097
26.661265
26.923457
27.185648
27.447813
27.709310
27.970575
28.230664
28.490367
28.749659
29.006747
29.263835
29.519413
29.773188
30.025276
30.274659
30.523038
30.771242
31.015677
31.257767
31.497641
31.734487
31.968904
32.198869
32.428834
32.656336
32.879205
33.097814
33.312914
33.527349
33.736378
33.937680
34.136860
34.336041
34.532751
34.722234
34.906179
35.085566
35.262436
35.434046
35.600516
35.758994
35.915668
36.070949
36.214509
36.353903
36.493298
36.627199
36.751866
36.872151
36.987487
37.097183
37.201375
37.299944
37.389928
37.479094
37.560020
37.635032
37.698187
37.757933
37.817679
37.876141
37.921198
37.961231
37.994692
38.022147
38.039666
38.055396
38.065995
38.067103
38.068211
38.059422
38.045003
38.023492
37.995917
37.965123
37.924258
37.882724
37.831423
37.776761
37.712729
37.643957
37.575184
37.496884
37.412230
37.323890
37.229367
37.129474
37.024372
36.910948
36.796810
36.677738
36.552372
36.423673
36.289679
36.150873
36.006095
35.859648
35.707547
35.550976
35.390139
35.228625
35.060634
34.888395
34.715140
34.537348
34.355868
34.170892
33.981704
33.792517
33.600894
33.404067
33.207240
33.008152
32.803160
32.598168
32.393176
32.188184
31.982704
31.772748
31.561743
31.350140
31.137400
30.924211
30.710595
30.496651
30.282581
30.068511
29.854655
29.641210
29.428303
29.216276
29.005971
28.795666
28.585856
28.378961
28.172065
27.968238
27.765876
27.567917
27.369958
27.171999
26.978960
26.789133
26.600693
26.416623
26.235286
26.056895
25.882805
25.713145
25.546497
25.382273
25.224987
25.069205
24.919033
24.776883
24.636252
24.496535
24.366068
24.240936
24.119011
24.003584
23.893466
23.789082
23.691554
23.597952
23.511194
23.430158
23.359432
23.293409
23.227386
23.168007
23.120181
23.075760
23.039882
23.010676
23.002378
22.998100
22.993822
22.989544
22.985265
22.980987
22.998860
23.027708
23.057462
23.102747
23.150858
23.202477
23.266915
23.336269
23.414985
23.497634
23.590428
23.688022
23.795693
23.908488
24.032397
24.161750
24.294647
24.438951
24.587767
24.745132
24.911858
25.084867
25.257877
25.442233
25.634002
25.834372
26.039482
26.249229
26.469113
26.695003
26.922649
27.159609
27.402855
27.652991
27.907383
28.170176
28.435189
28.710401
28.986820
29.268408
29.558065
29.849615
30.147635
30.449982
30.758269
31.069237
31.386056
31.705544
32.031372
32.359061
32.689382
33.025352
33.364254
33.705073
34.049749
34.396328
34.746448
35.098374
35.453033
35.811461
36.169888
36.528316
36.889559
37.252657
37.615943
37.980862
38.346312
38.712011
39.078175
39.443977
39.809550
40.175124
40.540698
40.906272
41.269965
41.632472
41.993518
42.352265
42.711013
43.067588
43.421557
43.771697
44.121236
44.468408
44.812349
45.152389
45.488790
45.821982
46.150836
46.479595
46.795027
47.110459
47.425892
47.741324
48.042728
48.343259
48.635453
48.922533
49.209612
49.488302
49.760716
50.026739
50.286859
50.540202
50.788301
51.029316
51.263525
51.490040
51.711729
51.924817
52.131052
52.330705
52.522685
52.706293
52.884139
53.052415
53.211776
53.367831
53.513681
53.651203
53.777977
53.901207
54.013632
54.119699
54.215525
54.301346
54.382178
54.452132
54.516410
54.569163
54.615315
54.649956
54.679678
54.699941
54.710982
54.710418
54.707224
54.680127
54.651685
54.623244
54.594803
54.545701
54.485878
54.423916
54.347429
54.267244
54.172735
54.074477
53.970453
53.851544
53.732634
53.602759
53.462123
53.312406
53.162690
53.004285
52.836078
52.660631
52.477745
52.288965
52.094177
51.883907
51.668043
51.452179
51.236315
51.017859
50.783053
50.544301
50.298768
50.048687
49.787244
49.525802
49.264359
49.001516
48.727493
48.449211
48.165772
47.880752
47.589520
47.296135
47.001170
46.701992
46.398482
46.093743
45.787771
45.478675
45.167504
44.854731
44.540180
44.224386
43.908229
43.590754
43.272884
42.954665
42.636361
42.318170
42.000458
41.683295
41.367213
41.051569
40.737552
40.426332
40.115150
39.807310
39.501287
39.195819
38.896181
38.596544
38.301081
38.010909
37.723514
37.436964
37.157074
36.880858
36.609493
36.342251
36.080431
35.826116
35.573152
35.325650
35.085758
34.852436
34.623205
34.402562
34.186625
33.976385
33.774722
33.579652
33.394861
33.211088
33.044910
32.879045
32.715398
32.569716
32.424907
32.293762
32.167563
32.053439
31.943415
31.845138
31.755041
31.674725
31.606380
31.538401
31.485730
31.444449
31.407046
31.380830
31.366497
31.360719
31.365803
31.377946
31.399804
31.434384
31.475408
31.544305
31.617817
31.691329
31.764841
31.838354
31.947267
32.056486
32.181146
32.315765
32.450384
32.600478
32.761661
32.934123
33.115270
33.310866
33.506462
33.711806
33.932350
34.158897
34.396169
34.640893
34.903674
35.174022
35.444369
35.714717
36.006364
36.300813
36.607932
36.923048
37.243821
37.576007
37.910958
38.261219
38.614520
38.967821
39.334573
39.708363
40.088518
40.472490
40.864471
41.262364
41.666768
42.076140
42.489916
42.909176
43.333886
43.762711
44.198450
44.635508
45.079187
45.528908
45.978628
46.428348
46.878068
47.334137
47.794137