1000 1
2.991875
2.883425
2.825571
2.822208
2.734373
2.693548
2.657171
2.522682
2.520671
2.411439
2.385963
2.314471
2.300777
2.240089
2.182390
2.084577
1.899284
1.894969
1.878049
1.843116
1.802393
1.795261
1.789371
1.772568
1.747782
1.734313
1.733874
1.703395
1.702178
1.616139
1.572301
1.560067
1.416273
1.377679
1.328747
1.262983
1.245147
1.194646
1.185986
1.171987
1.138735
1.117628
1.104068
1.047508
0.918920
0.917706
0.912853
0.731824
0.554416
0.460522
0.438268
0.434528
0.431560
0.389143
0.382699
0.356420
0.350555
0.349159
0.335513
0.295572
0.257543
0.230204
0.225236
0.222023
0.197151
0.161382
0.160454
0.131958
0.125804
0.114739
-0.003756
-0.023596
-0.032344
-0.035592
-0.044214
-0.048255
-0.115852
-0.139303
-0.190185
-0.221292
-0.231834
-0.340357
-0.346186
-0.352291
-0.368161
-0.384881
-0.409919
-0.415127
-0.447498
-0.449389
-0.450990
-0.451828
-0.518665
-0.570826
-0.575056
-0.583421
-0.583743
-0.623522
-0.643362
-0.647958
-0.693370
-0.702553
-0.715783
-0.741729
-0.757402
-0.759685
-0.779831
-0.822346
-0.880153
-0.887504
-0.897066
-0.913777
-0.927738
-0.942601
-0.950488
-0.969456
-0.970614
-0.984349
-1.048100
-1.049394
-1.053739
-1.054003
-1.083984
-1.093735
-1.096169
-1.096576
-1.096671
-1.104695
-1.111343
-1.115158
-1.117643
-1.125463
-1.125755
-1.128100
-1.131896
-1.144732
-1.145209
-1.145648
-1.149144
-1.154315
-1.158224
-1.159907
-1.180643
-1.182584
-1.193434
-1.193716
-1.193840
-1.195589
-1.197018
-1.227000
-1.231731
-1.252731
-1.255439
-1.262758
-1.263654
-1.277030
-1.284453
-1.288826
-1.292041
-1.292366
-1.292995
-1.298860
-1.300073
-1.304674
-1.307695
-1.317753
-1.318775
-1.319556
-1.323382
-1.324355
-1.324577
-1.327246
-1.333414
-1.334129
-1.336865
-1.339608
-1.341140
-1.341169
-1.341384
-1.341605
-1.341670
-1.341547
-1.341488
-1.341462
-1.341231
-1.340991
-1.339713
-1.338888
-1.337023
-1.336545
-1.335458
-1.335110
-1.333183
-1.331751
-1.331395
-1.328835
-1.328717
-1.327678
-1.324877
-1.322869
-1.314569
-1.314275
-1.313103
-1.307127
-1.301997
-1.301659
-1.298104
-1.293146
-1.292855
-1.287468
-1.283172
-1.274511
-1.270995
-1.264181
-1.247693
-1.232877
-1.225910
-1.223668
-1.221845
-1.220217
-1.220023
-1.215837
-1.213743
-1.189274
-1.166445
-1.164162
-1.161091
-1.160366
-1.159945
-1.139496
-1.138228
-1.134856
-1.127050
-1.112787
-1.111315
-1.111184
-1.107645
-1.090793
-1.078851
-1.078559
-1.077277
-1.063196
-1.060292
-1.058761
-1.053697
-1.047985
-1.034903
-1.032324
-1.028623
-1.018719
-1.007736
-0.992118
-0.984554
-0.970290
-0.969850
-0.959248
-0.954218
-0.922409
-0.901949
-0.901552
-0.894714
-0.880650
-0.871993
-0.847549
-0.837440
-0.827364
-0.823892
-0.822726
-0.821962
-0.820280
-0.819081
-0.807344
-0.788952
-0.775278
-0.774175
-0.772855
-0.764017
-0.760624
-0.757295
-0.751974
-0.749552
-0.747971
-0.740650
-0.725414
-0.670915
-0.665890
-0.634083
-0.632618
-0.626835
-0.621382
-0.618447
-0.600338
-0.594026
-0.588188
-0.584406
-0.571392
-0.567101
-0.566572
-0.559655
-0.541587
-0.508964
-0.502843
-0.501127
-0.495061
-0.493996
-0.493409
-0.472633
-0.451136
-0.443823
-0.442996
-0.419998
-0.413300
-0.397814
-0.381528
-0.354333
-0.353894
-0.349795
-0.341026
-0.340858
-0.334790
-0.319968
-0.314026
-0.313338
-0.305753
-0.299247
-0.285843
-0.279848
-0.278218
-0.265514
-0.251498
-0.240093
-0.239783
-0.232686
-0.231162
-0.215622
-0.205169
-0.200457
-0.187269
-0.180244
-0.139364
-0.130502
-0.129437
-0.124420
-0.118572
-0.084798
-0.080863
-0.080017
-0.066146
-0.032668
-0.030384
-0.019949
0.007337
0.011752
0.017078
0.046524
0.052685
0.068457
0.085314
0.134752
0.152377
0.167219
0.174670
0.181998
0.182593
0.199137
0.202507
0.206999
0.212432
0.228686
0.238280
0.238323
0.245529
0.267745
0.269412
0.271642
0.286127
0.307300
0.307654
0.320467
0.327460
0.342106
0.342381
0.353715
0.370194
0.377507
0.378700
0.380009
0.382858
0.394975
0.395442
0.403361
0.406569
0.407038
0.407829
0.408892
0.413786
0.423987
0.424227
0.431302
0.432337
0.450289
0.461769
0.462089
0.468432
0.470408
0.472782
0.473139
0.475884
0.503245
0.509459
0.513695
0.514979
0.515698
0.521464
0.532041
0.535334
0.539897
0.541271
0.542044
0.560228
0.560927
0.567326
0.583380
0.588352
0.592280
0.593084
0.608795
0.609470
0.621831
0.661307
0.662050
0.665014
0.668066
0.677836
0.679123
0.680467
0.682328
0.685598
0.686894
0.691492
0.705689
0.706761
0.707664
0.709441
0.713035
0.715312
0.718181
0.718685
0.721236
0.722741
0.725149
0.726332
0.726904
0.731006
0.737101
0.737153
0.749202
0.750763
0.755990
0.762113
0.768827
0.773673
0.776527
0.778273
0.785096
0.786878
0.791291
0.792612
0.794059
0.799531
0.802618
0.805634
0.807338
0.807943
0.809408
0.814742
0.816638
0.825634
0.828387
0.828914
0.833595
0.834526
0.838790
0.839149
0.839365
0.839588
0.842315
0.843493
0.843738
0.845801
0.848274
0.848346
0.848552
0.848987
0.851692
0.852239
0.852300
0.852850
0.853667
0.853675
0.853732
0.854080
0.854193
0.856974
0.857805
0.858019
0.858255
0.858683
0.858684
0.858774
0.858912
0.858928
0.858930
0.858946
0.858616
0.858540
0.858186
0.858094
0.857928
0.857652
0.855367
0.854756
0.854710
0.853831
0.853564
0.853499
0.851173
0.849068
0.847946
0.846351
0.845485
0.842650
0.840576
0.838743
0.838393
0.837428
0.835084
0.833864
0.833355
0.832127
0.826033
0.818823
0.813271
0.811044
0.809527
0.806216
0.798829
0.795333
0.793929
0.790617
0.789559
0.787815
0.778794
0.777872
0.756270
0.756096
0.754889
0.754528
0.750919
0.750823
0.748775
0.743915
0.743615
0.742852
0.741782
0.731598
0.727998
0.726286
0.722583
0.719586
0.715656
0.706052
0.702746
0.702420
0.691795
0.689864
0.681161
0.671468
0.662095
0.659928
0.651960
0.645600
0.642397
0.640666
0.640545
0.627454
0.626899
0.625048
0.624532
0.621358
0.614861
0.611721
0.607361
0.606591
0.601660
0.598539
0.591975
0.591955
0.586620
0.586071
0.569456
0.567118
0.565052
0.563372
0.562516
0.553922
0.553215
0.542560
0.537535
0.534225
0.525967
0.521245
0.520478
0.498681
0.494930
0.493080
0.490279
0.487523
0.484229
0.480261
0.479021
0.478302
0.476513
0.464474
0.459879
0.459596
0.457842
0.455238
0.455236
0.452606
0.444606
0.429018
0.428375
0.424138
0.422776
0.405643
0.396451
0.386172
0.374756
0.373316
0.363937
0.347220
0.346431
0.341969
0.335213
0.320196
0.315526
0.306960
0.306927
0.290291
0.290223
0.286392
0.274096
0.259345
0.256423
0.254587
0.251914
0.249237
0.248926
0.248867
0.244257
0.240411
0.237084
0.225837
0.213555
0.213055
0.212299
0.212137
0.206146
0.195904
0.189305
0.185173
0.175381
0.173317
0.171678
0.168372
0.165260
0.161037
0.158946
0.158359
0.152520
0.149033
0.146907
0.145202
0.142732
0.140256
0.138145
0.132457
0.128121
0.122281
0.121921
0.116220
0.114912
0.112920
0.110929
0.109498
0.107678
0.104243
0.101607
0.101410
0.101345
0.098827
0.084121
0.083250
0.081344
0.078895
0.076422
0.074970
0.074820
0.074531
0.073166
0.072195
0.071657
0.071051
0.068589
0.066978
0.063691
0.060650
0.060310
0.057875
0.055827
0.052438
0.051519
0.048545
0.046541
0.043391
0.042839
0.042073
0.040314
0.039362
0.037734
0.037538
0.037098
0.036313
0.035450
0.035066
0.034999
0.034718
0.034034
0.035156
0.036459
0.037332
0.037604
0.038703
0.039261
0.040899
0.041601
0.043384
0.047449
0.054774
0.057628
0.063025
0.064424
0.068079
0.070119
0.070751
0.077665
0.079386
0.086924
0.089591
0.092745
0.094315
0.096047
0.096400
0.097043
0.097690
0.103246
0.106649
0.106883
0.118184
0.128364
0.128627
0.135446
0.140406
0.145232
0.146614
0.147213
0.147466
0.151273
0.156427
0.162867
0.164388
0.184103
0.187425
0.196024
0.202635
0.202783
0.209813
0.233501
0.240335
0.262285
0.263284
0.267712
0.275493
0.278076
0.283585
0.297460
0.302243
0.314788
0.328764
0.334362
0.343722
0.353035
0.353859
0.354861
0.357600
0.403089
0.414848
0.426096
0.466693
0.471276
0.518096
0.596845
0.603506
0.620903
0.640384
0.677563
0.693312
0.710512
0.726928
0.751066
0.756385
0.772132
0.773753
0.823391
0.831975
0.848043
0.850589
0.876095
0.899385
0.918812
0.931156
0.932310
1.015536
1.031000
1.069244
1.110404
1.144507
1.167621
1.247688
1.367653
1.373859
1.392282
1.400009
1.402089
1.451577
1.457661
1.475719
1.553921
1.556461
1.611653
1.627340
1.669942
1.671314
1.677863
1.880099
1.925462
1.926289
1.989037
2.100609
2.215131
2.298615
2.333389
2.362308
2.362722
2.374303
2.389109
2.454182
2.475659
2.480740
2.594752
2.597856
2.688732
2.707647
2.727418
2.785052
2.834099
2.862385
2.879725
2.980604
3.001231
3.024005
3.078565
3.171786
3.235342
3.262391
3.326491
3.326951
3.350248
3.380812
3.417053
3.431320
3.649001
3.810189
3.830618
3.853391
3.933672
3.947081
4.201473
4.201708
4.331692
4.439612
4.501613
4.513560
4.552839
4.585298
4.736205
4.787225
4.861483
4.914454
4.923399
5.040689
5.125742
5.165209
5.225053
5.284477
5.375467
5.511278
5.558971
5.633144
5.640897
5.657117
5.679880
5.885259
5.923420
6.292854
6.365747
6.421817
6.450922
6.722353
6.780930
6.812589
6.871068
6.975185
6.986431
7.114593
7.124760
7.138133
7.213567
7.234057
7.297346
7.351161
7.404175
7.453861
7.477027
7.488302
7.511289
7.808063
7.848824
7.937299
8.046793
8.217527
8.304510
8.320263
8.410915
8.420951
8.487534
8.582404
8.624738
8.720319
8.844063
8.988959
8.989040
9.172250
9.343667
9.684216
10.129645
10.343628
10.389383
10.510311
10.629174
10.694630
10.718999
10.818737
10.921018
11.069557
11.176673
11.178919
11.205141
11.331000
11.403141
11.410393
11.434033
11.435356
11.452729
11.510973
11.512074
11.562083
11.845950
11.935408
12.036872
12.041530
12.105945
12.171513
12.192651
12.387494
12.737709
12.962649
13.177435
13.407194