1000 1
0.845975
0.843910
0.842792
0.842726
0.841006
0.840197
0.839471
0.836745
0.836704
0.834438
0.833902
0.832386
0.832092
0.830784
0.829526
0.827357
0.823124
0.823023
0.822628
0.821807
0.820841
0.820671
0.820530
0.820128
0.819532
0.819207
0.819196
0.818456
0.818426
0.816307
0.815210
0.814902
0.811210
0.810196
0.808895
0.807120
0.806634
0.805243
0.805002
0.804612
0.803680
0.803083
0.802698
0.801076
0.797284
0.797248
0.797102
0.791491
0.785655
0.782413
0.781628
0.781496
0.781390
0.779871
0.779638
0.778682
0.778467
0.778416
0.777914
0.776429
0.774991
0.773944
0.773752
0.773628
0.772661
0.771252
0.771215
0.770075
0.769827
0.769379
0.764436
0.763580
0.763200
0.763058
0.762681
0.762504
0.759484
0.758410
0.756032
0.754545
0.754034
0.748587
0.748283
0.747964
0.747130
0.746240
0.744890
0.744606
0.742818
0.742712
0.742623
0.742576
0.738736
0.735598
0.735337
0.734820
0.734800
0.732287
0.731001
0.730700
0.727653
0.727021
0.726100
0.724258
0.723121
0.722953
0.721460
0.718195
0.713479
0.712854
0.712031
0.710567
0.709317
0.707958
0.707224
0.705421
0.705310
0.703967
0.697289
0.697145
0.696659
0.696629
0.693143
0.691958
0.691658
0.691607
0.691596
0.690593
0.689746
0.689254
0.688931
0.687900
0.687861
0.687548
0.687036
0.685263
0.685196
0.685134
0.684638
0.683896
0.683326
0.683079
0.679916
0.679608
0.677847
0.677800
0.677780
0.677488
0.677249
0.671876
0.670959
0.666589
0.665985
0.664297
0.664085
0.660737
0.658712
0.657451
0.656488
0.656388
0.656195
0.654323
0.653920
0.652326
0.651220
0.647099
0.646632
0.646267
0.644374
0.643860
0.643741
0.642235
0.638064
0.637486
0.634958
0.631480
0.628200
0.628107
0.627306
0.626038
0.625232
0.623007
0.622655
0.622517
0.621551
0.620788
0.618036
0.616738
0.614370
0.613842
0.612724
0.612386
0.610654
0.609486
0.609208
0.607333
0.607251
0.606545
0.604753
0.603554
0.599134
0.598990
0.598422
0.595681
0.593494
0.593354
0.591918
0.590000
0.589890
0.587907
0.586386
0.583462
0.582321
0.580178
0.575300
0.571212
0.569369
0.568786
0.568315
0.567896
0.567847
0.566782
0.566255
0.560325
0.555116
0.554609
0.553932
0.553772
0.553680
0.549282
0.549015
0.548307
0.546684
0.543771
0.543474
0.543448
0.542737
0.539400
0.537081
0.537025
0.536778
0.534093
0.533545
0.533257
0.532307
0.531242
0.528827
0.528355
0.527679
0.525883
0.523910
0.521138
0.519809
0.517323
0.517247
0.515418
0.514555
0.509164
0.505753
0.505687
0.504556
0.502242
0.500827
0.496861
0.495234
0.493619
0.493064
0.492878
0.492756
0.492488
0.492296
0.490430
0.487520
0.485369
0.485196
0.484988
0.483604
0.483074
0.482554
0.481723
0.481346
0.481100
0.479961
0.477598
0.469214
0.468445
0.463595
0.463373
0.462493
0.461665
0.461219
0.458473
0.457517
0.456633
0.456061
0.454094
0.453446
0.453366
0.452321
0.449594
0.444677
0.443754
0.443496
0.442582
0.442421
0.442333
0.439203
0.435963
0.434860
0.434736
0.431266
0.430255
0.427914
0.425451
0.421328
0.421261
0.420639
0.419306
0.419281
0.418358
0.416100
0.415194
0.415089
0.413931
0.412937
0.410885
0.409965
0.409715
0.407764
0.405606
0.403845
0.403797
0.402700
0.402464
0.400054
0.398429
0.397695
0.395636
0.394537
0.388101
0.386696
0.386527
0.385730
0.384800
0.379393
0.378759
0.378622
0.376381
0.370927
0.370553
0.368837
0.364319
0.363584
0.362694
0.357741
0.356696
0.354008
0.351113
0.342481
0.339347
0.336684
0.335339
0.334009
0.333901
0.330877
0.330257
0.329429
0.328424
0.325395
0.323592
0.323584
0.322222
0.317979
0.317657
0.317227
0.314415
0.310246
0.310176
0.307618
0.306211
0.303235
0.303179
0.300850
0.297420
0.295881
0.295629
0.295352
0.294748
0.292160
0.292060
0.290350
0.289654
0.289552
0.289380
0.289149
0.288079
0.285832
0.285779
0.284206
0.283975
0.279921
0.277285
0.277211
0.275738
0.275277
0.274721
0.274637
0.273992
0.267439
0.265917
0.264872
0.264554
0.264375
0.262938
0.260271
0.259432
0.258262
0.257908
0.257709
0.252947
0.252761
0.251049
0.246670
0.245289
0.244188
0.243961
0.239469
0.239273
0.235632
0.223313
0.223069
0.222094
0.221082
0.217784
0.217343
0.216881
0.216238
0.215099
0.214645
0.213019
0.207849
0.207449
0.207110
0.206442
0.205077
0.204203
0.203092
0.202896
0.201896
0.201302
0.200344
0.199870
0.199641
0.197977
0.195453
0.195431
0.190242
0.189548
0.187188
0.184343
0.181114
0.178705
0.177253
0.176353
0.172731
0.171757
0.169289
0.168535
0.167699
0.164449
0.162546
0.160635
0.159529
0.159133
0.158162
0.154495
0.153136
0.146215
0.143908
0.143454
0.139230
0.138343
0.134038
0.133655
0.133423
0.133183
0.130111
0.128704
0.128405
0.125779
0.122336
0.122229
0.121924
0.121269
0.116815
0.115815
0.115703
0.114650
0.112992
0.112976
0.112855
0.112106
0.111855
0.104328
0.101057
0.100032
0.098749
0.095654
0.095648
0.094716
0.092570
0.092131
0.092082
0.091428
0.084780
0.084167
0.081854
0.081347
0.080495
0.079219
0.071690
0.070133
0.070020
0.067975
0.067386
0.067247
0.062658
0.059056
0.057288
0.054918
0.053692
0.049921
0.047356
0.045203
0.044802
0.043714
0.041164
0.039883
0.039356
0.038108
0.032272
0.025980
0.021481
0.019747
0.018587
0.016108
0.010817
0.008414
0.007465
0.005262
0.004568
0.003435
-0.002248
-0.002813
-0.015357
-0.015454
-0.016120
-0.016319
-0.018290
-0.018342
-0.019448
-0.022040
-0.022199
-0.022602
-0.023164
-0.028422
-0.030240
-0.031098
-0.032940
-0.034416
-0.036334
-0.040939
-0.042499
-0.042652
-0.047583
-0.048467
-0.052406
-0.056716
-0.060812
-0.061750
-0.065169
-0.067868
-0.069217
-0.069944
-0.069995
-0.075434
-0.075663
-0.076424
-0.076636
-0.077935
-0.080581
-0.081852
-0.083610
-0.083920
-0.085896
-0.087141
-0.089748
-0.089756
-0.091863
-0.092079
-0.098572
-0.099478
-0.100278
-0.100927
-0.101258
-0.104565
-0.104836
-0.108908
-0.110818
-0.112073
-0.115195
-0.116975
-0.117263
-0.125424
-0.126822
-0.127511
-0.128552
-0.129576
-0.130800
-0.132271
-0.132731
-0.132997
-0.133660
-0.138113
-0.139810
-0.139915
-0.140563
-0.141524
-0.141524
-0.142494
-0.145444
-0.151189
-0.151426
-0.152988
-0.153490
-0.159810
-0.163206
-0.167011
-0.171250
-0.171786
-0.175281
-0.181543
-0.181840
-0.183520
-0.186072
-0.191780
-0.193567
-0.196859
-0.196872
-0.203329
-0.203356
-0.204856
-0.209708
-0.215613
-0.216794
-0.217538
-0.218625
-0.219718
-0.219845
-0.219868
-0.221759
-0.223345
-0.224724
-0.229436
-0.234678
-0.234893
-0.235219
-0.235289
-0.237894
-0.242414
-0.245377
-0.247254
-0.251773
-0.252739
-0.253510
-0.255075
-0.256561
-0.258598
-0.259615
-0.259902
-0.262782
-0.264527
-0.265601
-0.266468
-0.267733
-0.269011
-0.270110
-0.273115
-0.275451
-0.278666
-0.278867
-0.282094
-0.282846
-0.284002
-0.285170
-0.286016
-0.287103
-0.289184
-0.290809
-0.290932
-0.290972
-0.292553
-0.302359
-0.302976
-0.304344
-0.306135
-0.307989
-0.309100
-0.309216
-0.309439
-0.310504
-0.311272
-0.311701
-0.312188
-0.314202
-0.315555
-0.318411
-0.321182
-0.321501
-0.323841
-0.325895
-0.329500
-0.330529
-0.334047
-0.336610
-0.341070
-0.341922
-0.343146
-0.346190
-0.348008
-0.351528
-0.351999
-0.353105
-0.355285
-0.358163
-0.359718
-0.360017
-0.361395
-0.367465
-0.378405
-0.382720
-0.384959
-0.385592
-0.387931
-0.389012
-0.391876
-0.392996
-0.395616
-0.400754
-0.408258
-0.410792
-0.415175
-0.416240
-0.418901
-0.420321
-0.420752
-0.425230
-0.426284
-0.430665
-0.432134
-0.433822
-0.434644
-0.435537
-0.435718
-0.436045
-0.436373
-0.439113
-0.440733
-0.440843
-0.445935
-0.450209
-0.450316
-0.453035
-0.454949
-0.456766
-0.457278
-0.457498
-0.457592
-0.458979
-0.460817
-0.463055
-0.463574
-0.470023
-0.471062
-0.473694
-0.475665
-0.475708
-0.477756
-0.484336
-0.486151
-0.491761
-0.492009
-0.493100
-0.494990
-0.495610
-0.496919
-0.500146
-0.501235
-0.504041
-0.507084
-0.508280
-0.510251
-0.512178
-0.512347
-0.512552
-0.513111
-0.522020
-0.524218
-0.526284
-0.533469
-0.534255
-0.542024
-0.554156
-0.555135
-0.557661
-0.560438
-0.565596
-0.567727
-0.570021
-0.572178
-0.575296
-0.575975
-0.577967
-0.578170
-0.584281
-0.585314
-0.587231
-0.587533
-0.590524
-0.593208
-0.595415
-0.596802
-0.596931
-0.605990
-0.607622
-0.611594
-0.615772
-0.619161
-0.621422
-0.629048
-0.639924
-0.640470
-0.642082
-0.642755
-0.642935
-0.647184
-0.647700
-0.649224
-0.655693
-0.655900
-0.660340
-0.661584
-0.664927
-0.665034
-0.665543
-0.680684
-0.683940
-0.683999
-0.688422
-0.696077
-0.703675
-0.709060
-0.711267
-0.713087
-0.713113
-0.713838
-0.714761
-0.718777
-0.720088
-0.720398
-0.727231
-0.727415
-0.732724
-0.733815
-0.734951
-0.738231
-0.740989
-0.742566
-0.743528
-0.749053
-0.750168
-0.751394
-0.754307
-0.759210
-0.762501
-0.763890
-0.767151
-0.767174
-0.768350
-0.769884
-0.771692
-0.772401
-0.782988
-0.790574
-0.791520
-0.792572
-0.796249
-0.796859
-0.808183
-0.808193
-0.813812
-0.818397
-0.821000
-0.821498
-0.823133
-0.824476
-0.830646
-0.832704
-0.835674
-0.837776
-0.838129
-0.842726
-0.846018
-0.847533
-0.849818
-0.852069
-0.855487
-0.860520
-0.862268
-0.864969
-0.865250
-0.865837
-0.866660
-0.873985
-0.875328
-0.888056
-0.890510
-0.892387
-0.893356
-0.902270
-0.904163
-0.905182
-0.907057
-0.910369
-0.910725
-0.914755
-0.915073
-0.915490
-0.917836
-0.918471
-0.920423
-0.922075
-0.923695
-0.925206
-0.925909
-0.926250
-0.926945
-0.935799
-0.936998
-0.939588
-0.942767
-0.947670
-0.950143
-0.950589
-0.953146
-0.953428
-0.955293
-0.957935
-0.959108
-0.961743
-0.965126
-0.969050
-0.969052
-0.973957
-0.978489
-0.987338
-0.998618
-1.003925
-1.005051
-1.008010
-1.010898
-1.012480
-1.013067
-1.015462
-1.017903
-1.021422
-1.023941
-1.023994
-1.024608
-1.027543
-1.029217
-1.029385
-1.029931
-1.029962
-1.030363
-1.031705
-1.031731
-1.032880
-1.039342
-1.041358
-1.043633
-1.043737
-1.045175
-1.046633
-1.047102
-1.051401
-1.059022
-1.063846
-1.068402
-1.073224