1000 1
0.000000
0.050453
0.101714
0.153781
0.206655
0.260336
0.314824
0.370119
0.426221
0.483129
0.540845
0.599367
0.658696
0.718832
0.779775
0.841525
0.904082
0.967446
1.031616
1.096458
1.161803
1.227652
1.294004
1.360860
1.428219
1.496081
1.564447
1.633316
1.702689
1.772565
1.842927
1.913694
1.984856
2.056388
2.128195
2.200267
2.272604
2.345171
2.417896
2.490749
2.563731
2.636842
2.710081
2.783449
2.856874
2.930094
3.003084
3.075843
3.148372
3.220671
3.292740
3.364579
3.436187
3.507566
3.578714
3.649632
3.720319
3.790777
3.861004
3.931001
4.000768
4.070201
4.138209
4.204501
4.269394
4.333655
4.397318
4.460382
4.522847
4.584713
4.645981
4.706650
4.766721
4.826193
4.885066
4.943341
5.001017
5.058087
5.113621
5.166985
5.218177
5.267198
5.315675
5.365259
5.414464
5.462028
5.507952
5.552236
5.594879
5.635883
5.675246
5.712969
5.749052
5.783495
5.816471
5.848426
5.879381
5.909338
5.938297
5.966256
5.993217
6.019179
6.044142
6.068107
6.091072
6.113039
6.134008
6.153977
6.172948
6.190920
6.207893
6.223868
6.238844
6.252821
6.265799
6.277779
6.288760
6.298742
6.307725
6.315710
6.322696
6.328683
6.333671
6.337661
6.340652
6.342644
6.343637
6.343632
6.342628
6.340625
6.337623
6.333623
6.328624
6.322626
6.315630
6.307634
6.298640
6.288648
6.277656
6.265666
6.252677
6.238689
6.223702
6.207717
6.190733
6.172750
6.153769
6.133789
6.112810
6.090832
6.067919
6.048794
6.036388
6.030699
6.031181
6.024692
6.006486
5.987690
5.971763
5.958706
5.948519
5.941202
5.936755
5.935178
5.936471
5.940633
5.947666
5.957569
5.969295
5.981160
5.993141
6.005237
6.017450
6.029778
6.042223
6.054783
6.067459
6.080250
6.093158
6.106181
6.119321
6.132576
6.145947
6.159434
6.173036
6.186755
6.203451
6.230089
6.266982
6.313110
6.361594
6.411153
6.461786
6.513494
6.566276
6.620133
6.675064
6.731070
6.788150
6.846305
6.905534
6.965837
7.027215
7.089668
7.153195
7.217796
7.283472
7.350223
7.418047
7.486947
7.556921
7.627969
7.700092
7.773289
7.847986
7.928468
8.015847
8.110125
8.211300
8.319373
8.434344
8.553458
8.672731
8.792131
8.911657
9.031310
9.151090
9.270997
9.391030
9.511190
9.631477
9.751890
9.872431
9.993097
10.113891
10.234811
10.356739
10.488230
10.631444
10.783879
10.936929
11.089869
11.242699
11.395418
11.548028
11.700528
11.852917
12.005197
12.157366
12.309425
12.461374
12.613213
12.764942
12.916561
13.068070
13.219469
13.370758
13.521937
13.673005
13.823964
13.974812
14.127254
14.284037
14.445200
14.610741
14.777886
14.939487
15.095184
15.246220
15.398365
15.552345
15.708160
15.865810
16.025295
16.186615
16.349766
16.512508
16.672938
16.831056
16.986861
17.140354
17.291536
17.440405
17.586961
17.731206
17.873139
18.012759
18.150067
18.285063
18.417747
18.548119
18.676178
18.801925
18.925360
19.046483
19.165294
19.281793
19.395979
19.507854
19.617416
19.724666
19.829603
19.932229
20.032542
20.130544
20.226233
20.319610
20.410674
20.499404
20.584923
20.666787
20.744994
20.819545
20.890440
20.957680
21.021263
21.081190
21.137532
21.191309
21.242855
21.292004
21.336781
21.376625
21.415292
21.450665
21.482333
21.510294
21.534551
21.555101
21.571946
21.585085
21.594518
21.600246
21.602268
21.600584
21.595195
21.586100
21.573299
21.556793
21.537182
21.515244
21.490984
21.464390
21.434136
21.399304
21.359981
21.317621
21.272737
21.225330
21.175400
21.122946
21.067969
21.010469
20.949869
20.885581
20.817605
20.746665
20.674185
20.600204
20.524721
20.447736
20.369249
20.289261
20.207770
20.124778
20.040284
19.954288
19.866790
19.777791
19.687290
19.595287
19.501782
19.406775
19.310267
19.212257
19.112744
19.011731
18.909215
18.805197
18.699678
18.592657
18.484134
18.374109
18.262583
18.149554
18.035024
17.918992
17.801459
17.682423
17.561886
17.439846
17.316306
17.191263
17.064718
16.939565
16.829026
16.734735
16.649747
16.558793
16.461326
16.357348
16.246858
16.131083
16.019223
15.913165
15.812909
15.718455
15.629802
15.546951
15.469902
15.398654
15.333209
15.273565
15.219723
15.171203
15.125462
15.082123
15.041187
15.002654
14.966525
14.932799
14.901475
14.872555
14.846038
14.821924
14.800213
14.780906
14.764001
14.749500
14.737401
14.727706
14.720414
14.715525
14.713039
14.712956
14.715276
14.719999
14.727126
14.736656
14.748588
14.762924
14.779663
14.798805
14.820350
14.845367
14.877078
14.915701
14.961237
15.013685
15.073046
15.139319
15.212505
15.292604
15.379615
15.473538
15.574374
15.682123
15.796784
15.918358
16.046844
16.182243
16.324555
16.473779
16.629915
16.792964
16.962926
17.139800
17.323587
17.514286
17.711374
17.908288
18.103055
18.295676
18.486150
18.674478
18.860660
19.044694
19.226583
19.406324
19.588399
19.801354
20.037934
20.262389
20.472439
20.669719
20.869303
21.074848
21.286354
21.503822
21.727251
21.956640
22.191991
22.433303
22.680577
22.933811
23.193007
23.458163
23.729281
24.006360
24.289400
24.578334
24.857988
25.116790
25.354740
25.593788
25.860163
26.151081
26.443391
26.731991
27.016880
27.298059
27.575527
27.849285
28.119333
28.385670
28.648296
28.907212
29.162418
29.413913
29.661698
29.905772
30.146135
30.382789
30.615731
30.844964
31.070485
31.292297
31.510398
31.727706
31.965821
32.218847
32.465490
32.705099
32.937672
33.163211
33.381715
33.593184
33.797618
33.995018
34.185383
34.368713
34.545008
34.714561
34.880220
35.042706
35.202019
35.358158
35.511124
35.660917
35.807536
35.950982
36.091255
36.228354
36.362280
36.493033
36.620612
36.745018
36.866250
36.984310
37.099196
37.210908
37.319447
37.424813
37.527006
37.626025
37.720724
37.807098
37.884802
37.953839
38.014206
38.065904
38.108933
38.143294
38.168986
38.186009
38.194363
38.194048
38.185064
38.167412
38.141091
38.106100
38.062441
38.010113
37.949117
37.879584
37.812147
37.753516
37.703691
37.660863
37.613570
37.559802
37.499558
37.432839
37.359643
37.279972
37.193824
37.101201
37.002102
36.896527
36.784477
36.665950
36.540948
36.409470
36.271516
36.127086
35.976180
35.818798
35.654941
35.484608
35.307799
35.124514
34.934753
34.738516
34.535804
34.326616
34.110952
33.888812
33.660196
33.425104
33.201687
33.039459
32.868311
32.684742
32.488751
32.280339
32.059504
31.826248
31.580570
31.326249
31.080679
30.846026
30.622292
30.409475
30.207576
30.016595
29.836533
29.661772
29.465792
29.245183
29.000126
28.749220
28.504877
28.267095
28.035876
27.811220
27.593126
27.381594
27.176625
26.978218
26.786374
26.601092
26.422373
26.250216
26.084621
25.925589
25.773119
25.627211
25.487866
25.355084
25.228042
25.067810
24.890771
24.730167
24.585996
24.458260
24.346957
24.250869
24.156515
24.060163
23.961815
23.861471
23.759129
23.654791
23.548456
23.440124
23.334226
23.244583
23.172189
23.117044
23.079148
23.058501
23.053444
23.050876
23.047988
23.044778
23.041246
23.037394
23.033221
23.028726
23.023911
23.019015
23.028591
23.061192
23.116820
23.195475
23.290175
23.386661
23.484513
23.583728
23.684309
23.786255
23.889565
23.994240
24.100280
24.207685
24.316454
24.427935
24.565584
24.737944
24.933592
25.130955
25.329522
25.529295
25.730273
25.932456
26.135844
26.340438
26.546237
26.753240
26.961450
27.170864
27.402992
27.682399
27.963985
28.247749
28.533691
28.821811
29.112109
29.404585
29.699240
29.996072
30.295082
30.596271
30.899637
31.205182
31.512905
31.822806
32.134884
32.449141
32.765576
33.084189
33.404980
33.727950
34.053097
34.384512
34.731028
35.092947
35.446351
35.792050
36.150582
36.521947
36.902292
37.280001
37.654285
38.025144
38.392579
38.756589
39.117173
39.474334
39.828069
40.178380
40.527338
40.878100
41.230698
41.585132
41.941403
42.299510
42.659453
43.021232
43.384848
43.750300
44.117588
44.481640
44.830739
45.164416
45.483370
45.797610
46.110404
46.421751
46.731650
47.040103
47.347108
47.652667
47.956778
48.259443
48.560660
48.860431
49.158754
49.455631
49.751060
50.037596
50.286964
50.519035
50.755712
50.996996
51.242885
51.493230
51.715606
51.919673
52.137606
52.312151
52.481075
52.646574
52.808648
52.967299
53.122525
53.274326
53.422703
53.567656
53.709185
53.847289
53.981969
54.113224
54.224240
54.288068
54.348347
54.410239
54.473745
54.538865
54.605598
54.671351
54.726557
54.770325
54.802656
54.823549
54.833003
54.831020
54.817599
54.792741
54.756444
54.708710
54.649537
54.578927
54.496879
54.403394
54.298470
54.182108
54.054309
53.915072
53.764397
53.602296
53.454871
53.338134
53.217112
53.087678
52.949832
52.803574
52.648904
52.485823
52.314330
52.134424
51.946107
51.749379
51.544238
51.330685
51.108721
50.878345
50.639557
50.392357
50.136745
49.872721
49.600286
49.319439
49.030179
48.732508
48.426426
48.111931
47.789024
47.457706
47.117976
46.769834
46.413280
46.081367
45.826058
45.572224
45.313572
45.050101
44.781812
44.508705
44.230780
43.948037
43.660476
43.368096
43.070898
42.768882
42.462048
42.150395
41.833925
41.512636
41.186529
40.855604
40.519860
40.179299
39.833919
39.483721
39.128705
38.768870
38.404218
38.034747
37.664784
37.307203
36.962859
36.631753
36.313883
36.009251
35.717856
35.439697
35.174777
34.923093
34.684646
34.459437
34.247464
34.048729
33.863231
33.690970
33.531946
33.386160
33.253610
33.134298
33.028222
32.929636
32.828848
32.725704
32.620204
32.512346
32.402133
32.289562
32.174635
32.057352
31.937712
31.815715
31.691362
31.564652
31.440552
31.337152
31.256104
31.197410
31.161069
31.147081
31.155446
31.186164
31.239235
31.314660
31.412438
31.532515
31.658786
31.778502
31.891662
31.998268
32.098318
32.191813
32.278754
32.359139
32.433781
32.527906
32.653467
32.810462
32.998893
33.218759
33.470061
33.739765
33.955956
34.120359
34.298288
34.498981
34.722436
34.968655
35.237638
35.529383
35.843892
36.181164
36.541200
36.923962
37.301683
37.650365
37.970006
38.260608
38.560114
38.917062
39.331631
39.775603
40.217402
40.657005
41.094411
41.529620
41.962633
42.393448
42.822067
43.248488
43.672713
44.094742
44.514573
44.932207
45.347645
45.760886
46.171930
46.580777
46.987427
47.391881
47.794137