1000 1
0.000000
0.049963
0.099751
0.149364
0.198803
0.248067
0.297157
0.346072
0.394812
0.443378
0.491769
0.539986
0.588027
0.635895
0.683587
0.731105
0.778449
0.825617
0.872611
0.919431
0.966076
1.012546
1.058841
1.104962
1.150909
1.196680
1.242278
1.287700
1.332948
1.378021
1.422920
1.467644
1.512193
1.556568
1.600768
1.644793
1.688644
1.732320
1.775822
1.819149
1.862301
1.905278
1.948082
1.990710
2.033164
2.075443
2.117547
2.159477
2.201233
2.242813
2.284219
2.325451
2.366508
2.407390
2.448097
2.488630
2.528988
2.569172
2.609181
2.649016
2.688675
2.728160
2.767471
2.806607
2.845568
2.884355
2.922967
2.961404
2.999667
3.037755
3.075669
3.113407
3.150972
3.188361
3.225576
3.262617
3.299482
3.336174
3.372690
3.409032
3.445199
3.481192
3.517010
3.552653
3.588122
3.623416
3.658536
3.693480
3.728251
3.762846
3.797267
3.831514
3.865585
3.899482
3.933205
3.966753
4.000126
4.033325
4.066348
4.099198
4.131873
4.164373
4.196698
4.228849
4.260825
4.292627
4.324254
4.355706
4.386984
4.418087
4.449015
4.479769
4.510348
4.540753
4.570983
4.601038
4.630919
4.660625
4.690156
4.719513
4.748695
4.777703
4.806536
4.835194
4.863678
4.891987
4.920121
4.948081
4.975866
5.003477
5.030913
5.058174
5.085261
5.112173
5.138910
5.165473
5.191861
5.218075
5.244113
5.269978
5.295667
5.321182
5.346523
5.371689
5.396680
5.421496
5.446138
5.470605
5.494898
5.519016
5.542959
5.566728
5.590322
5.613742
5.636987
5.660057
5.682953
5.705674
5.728220
5.750592
5.772789
5.794811
5.816659
5.838333
5.859831
5.881155
5.902304
5.923279
5.944079
5.964722
5.985997
6.008338
6.031744
6.056216
6.081754
6.108357
6.136025
6.164760
6.194560
6.225425
6.257356
6.290353
6.324415
6.359542
6.395736
6.432995
6.471319
6.510709
6.551165
6.592686
6.635273
6.678925
6.723643
6.769427
6.816276
6.864190
6.913171
6.963216
7.014328
7.066505
7.119747
7.174055
7.229429
7.285868
7.343373
7.401944
7.461580
7.522281
7.584049
7.646881
7.710780
7.775743
7.841773
7.908868
7.977029
8.046255
8.116547
8.187904
8.260327
8.333815
8.411140
8.495362
8.586483
8.684503
8.789423
8.901241
9.019959
9.145577
9.278093
9.417509
9.563823
9.716503
9.870243
10.023684
10.176826
10.329669
10.482213
10.634459
10.786406
10.938053
11.089402
11.240453
11.391204
11.541656
11.691810
11.841664
11.991220
12.140477
12.289435
12.438095
12.586455
12.734516
12.882279
13.029743
13.176908
13.323774
13.470341
13.616610
13.762579
13.908250
14.053622
14.198695
14.343469
14.487944
14.632121
14.775998
14.919047
15.060173
15.199344
15.336559
15.471818
15.605122
15.736470
15.865862
15.993299
16.118780
16.242305
16.363875
16.483488
16.601147
16.716849
16.830596
16.942387
17.052223
17.160103
17.266027
17.369995
17.472008
17.572065
17.670166
17.766312
17.860502
17.952737
18.043015
18.131338
18.217706
18.302117
18.384574
18.465074
18.543618
18.620207
18.694841
18.767518
18.838240
18.907007
18.973817
19.038672
19.101571
19.162515
19.221503
19.278535
19.333611
19.386732
19.437897
19.487107
19.534361
19.579659
19.623001
19.664388
19.703819
19.741294
19.776814
19.810378
19.841987
19.871639
19.899336
19.925078
19.948863
19.970693
19.990568
20.008486
20.024449
20.038456
20.050508
20.060604
20.068744
20.074929
20.079158
20.081431
20.081748
20.080110
20.076516
20.070967
20.063462
20.054001
20.042584
20.029212
20.013884
19.996601
19.977361
19.956166
19.933016
19.907909
19.880847
19.851830
19.820856
19.787927
19.753043
19.716202
19.677406
19.636655
19.593947
19.549284
19.502665
19.454091
19.403561
19.351075
19.296634
19.240236
19.181884
19.121575
19.059311
18.995091
18.928916
18.860784
18.790697
18.718655
18.644657
18.568703
18.490793
18.410928
18.329107
18.245330
18.159598
18.071910
17.982266
17.890667
17.797112
17.701601
17.604135
17.504713
17.403335
17.300001
17.194712
17.087468
16.978267
16.867111
16.753999
16.638932
16.521908
16.402930
16.281995
16.159105
16.034720
15.913619
15.797068
15.685066
15.577612
15.474708
15.376353
15.282546
15.193289
15.108581
15.028422
14.952812
14.881750
14.815238
14.753275
14.695861
14.642997
14.594681
14.550914
14.511696
14.477027
14.446908
14.421337
14.400315
14.383843
14.371919
14.364545
14.361719
14.363443
14.369715
14.380537
14.395908
14.415827
14.440296
14.469314
14.502881
14.540996
14.583661
14.630875
14.682638
14.738950
14.799811
14.865221
14.935181
15.009689
15.088746
15.172352
15.260508
15.353212
15.450465
15.552153
15.657184
15.765289
15.876467
15.990718
16.108042
16.228439
16.351910
16.478453
16.608070
16.740759
16.876522
17.015358
17.157268
17.302250
17.450305
17.601434
17.755635
17.912910
18.073258
18.236679
18.403174
18.572741
18.745381
18.921095
19.099882
19.281742
19.466675
19.654681
19.845760
20.039912
20.237138
20.437437
20.640808
20.847253
21.056771
21.269363
21.485027
21.703764
21.925575
22.150459
22.378416
22.609446
22.843549
23.080725
23.320974
23.564297
23.810693
24.060161
24.312703
24.568318
24.827007
25.088768
25.353602
25.621510
25.892491
26.166545
26.443672
26.723872
27.007145
27.293491
27.582911
27.875404
28.170969
28.469608
28.771320
29.076106
29.383964
29.694895
30.008900
30.325978
30.646128
30.969352
31.294680
31.614618
31.927586
32.233586
32.532617
32.824679
33.109773
33.387897
33.659053
33.923240
34.180458
34.430707
34.673988
34.910299
35.139642
35.362016
35.577421
35.785857
35.987325
36.181823
36.369353
36.549914
36.723506
36.890129
37.049784
37.202469
37.348186
37.486934
37.618714
37.743524
37.861365
37.972238
38.076142
38.173077
38.263043
38.346041
38.422069
38.491129
38.553220
38.608342
38.656495
38.697680
38.731896
38.759142
38.779420
38.792730
38.799070
38.798441
38.790844
38.776278
38.754743
38.726239
38.690767
38.648325
38.598915
38.542536
38.479188
38.408871
38.331586
38.247331
38.156108
38.057916
37.952755
37.840625
37.721527
37.595460
37.462423
37.322418
37.175445
37.021513
36.863873
36.705105
36.545207
36.384179
36.222022
36.058736
35.894321
35.728776
35.562102
35.394298
35.225365
35.055302
34.884111
34.711789
34.538339
34.363759
34.188050
34.011211
33.833243
33.654146
33.473919
33.292563
33.110077
32.926462
32.741718
32.555844
32.368841
32.180709
31.991447
31.801056
31.609535
31.416885
31.223106
31.028197
30.832159
30.634992
30.436695
30.237269
30.036713
29.835028
29.632214
29.428271
29.223197
29.016995
28.809663
28.601202
28.391611
28.180892
27.969042
27.757954
27.550791
27.347603
27.148389
26.953150
26.761885
26.574595
26.391280
26.211939
26.036573
25.865182
25.697765
25.534322
25.374855
25.219362
25.067843
24.920299
24.776730
24.637135
24.501515
24.369870
24.242199
24.118497
23.997189
23.877044
23.758064
23.640247
23.523594
23.408105
23.293780
23.180619
23.068621
22.957788
22.848118
22.739612
22.632270
22.526092
22.421078
22.317228
22.214541
22.113019
22.012660
21.913465
21.815434
21.718567
21.622864
21.528325
21.434949
21.342738
21.251690
21.161806
21.073086
20.985530
20.899138
20.813910
20.729845
20.646944
20.565208
20.484635
20.405226
20.326981
20.249899
20.173982
20.099228
20.025639
19.953213
19.881951
19.811853
19.742919
19.675149
19.608542
19.543100
19.478821
19.415706
19.353755
19.292968
19.233345
19.174885
19.117590
19.061458
19.006491
18.952687
18.900047
18.848571
18.798258
18.749110
18.701125
18.654305
18.608648
18.564155
18.520826
18.478661
18.437659
18.397822
18.359148
18.321639
18.285293
18.250111
18.216093
18.183239
18.151548
18.121022
18.091659
18.063461
18.036426
18.010555
17.985848
17.962304
17.939925
17.918710
17.898658
17.879770
17.862046
17.845486
17.830090
17.815858
17.802789
17.790885
17.780144
17.770567
17.762154
17.754905
17.748820
17.743899
17.740141
17.737548
17.736118
17.735852
17.736750
17.738812
17.742038
17.746428
17.751981
17.758698
17.766580
17.775625
17.785834
17.797207
17.809743
17.823444
17.838308
17.854337
17.871529
17.889885
17.909405
17.930089
17.951936
17.974948
17.999123
18.024463
18.050966
18.078633
18.107464
18.137459
18.168617
18.200940
18.234426
18.269076
18.304891
18.341869
18.380010
18.419316
18.459786
18.501419
18.544217
18.588178
18.633303
18.679592
18.727045
18.775661
18.825442
18.876386
18.928495
18.981767
19.036203
19.091803
19.148567
19.206494
19.265586
19.325841
19.387261
19.449844
19.513591
19.578502
19.644576
19.711815
19.780218
19.849784
19.920514
19.992408
20.065466
20.139688
20.215074
20.291623
20.369337
20.448214
20.528255
20.609460
20.691829
20.775362
20.860059
20.945919
21.032944
21.121132
21.210484
21.301000
21.392680
21.485524
21.579532
21.674703
21.771038
21.868538
21.967201
22.067028
22.168019
22.270173
22.373492
22.477974
22.583621
22.690431
22.798405
22.907543
23.017845
23.129311
23.241940
23.355734
23.470691
23.586812
23.704097
23.822546
23.942159
24.062935
24.184876
24.307980
24.432249
24.557681
24.684277
24.812037
24.940960
25.071048
25.202299
25.334715
25.468294
25.603037
25.738944
25.876015
26.014250
26.153648
26.294211
26.435937
26.578827
26.722881
26.868099
27.014481
27.162027
27.310736
27.460610
27.611647
27.763848
27.917213
28.071742
28.227435
28.384291
28.542312
28.701496
28.861844
29.023356
29.186032
29.349872
29.514876
29.681044
29.848375
30.016870
30.186530
30.357353
30.529340
30.702490
30.876805
31.052284
31.228926
31.406732
31.585702
31.765837
31.947134
32.129596
32.313222
32.498011
32.683965
32.871082
33.059363
33.248808
33.439417
33.631190
33.824126
34.018227
34.213491
34.409919
34.607511
34.806267
35.006187
35.207271
35.409518
35.612930
35.817505
36.023244
36.230147
36.438214
36.647445
36.857840
37.069398
37.282121
37.496007
37.711057
37.927271
38.144649
38.363191
38.582896
38.803766
39.025799
39.248996
39.473357
39.698882
39.925571
40.153424
40.382441
40.612621
40.843965
41.076474
41.310146
41.544981
41.780981
42.018145
42.256473
42.495964
42.736619
42.978438
43.221421
43.465568
43.710879
43.957354
44.204992
44.453795
44.703761
44.954891
45.207185
45.460643
45.715264
45.971050
46.227999
46.486113
46.745390
47.005831
47.267436
47.530205
47.794137