1000 1
0.000000
0.050467
0.101769
0.153904
0.206869
0.260660
0.315272
0.370705
0.426943
0.483983
0.541815
0.600434
0.659821
0.719970
0.780866
0.842496
0.904837
0.967871
1.031600
1.096026
1.161127
1.226814
1.293086
1.360016
1.427461
1.495527
1.564039
1.633088
1.702576
1.772524
1.842945
1.913715
1.984876
2.056347
2.128178
2.200261
2.272622
2.345145
2.417913
2.490882
2.563902
2.637093
2.710272
2.783519
2.856724
2.929928
3.003146
3.076209
3.149197
3.221946
3.294455
3.366784
3.438850
3.510588
3.581996
3.653052
3.723696
3.793910
3.863656
3.932895
4.001601
4.069740
4.137279
4.204187
4.270432
4.335981
4.400808
4.464876
4.528165
4.590641
4.652270
4.713032
4.772886
4.831801
4.889774
4.946807
5.002888
5.057861
5.111811
5.164703
5.216458
5.267150
5.316775
5.365147
5.412428
5.458486
5.503386
5.547015
5.589483
5.630724
5.670649
5.709344
5.746741
5.782927
5.817891
5.851484
5.883825
5.914820
5.944501
5.972955
6.000103
6.026012
6.050559
6.073757
6.095757
6.116498
6.135887
6.154117
6.171035
6.186801
6.201258
6.214479
6.226615
6.237566
6.247261
6.255826
6.263375
6.269733
6.275095
6.279310
6.282551
6.284830
6.286055
6.286401
6.285818
6.284310
6.282007
6.278873
6.274921
6.270241
6.264813
6.258772
6.252032
6.244711
6.236864
6.228411
6.219535
6.210220
6.200460
6.190412
6.180024
6.169391
6.158519
6.147509
6.136354
6.125137
6.113812
6.102612
6.091425
6.080339
6.069435
6.058797
6.048414
6.038296
6.028581
6.019292
6.010464
6.002166
5.994414
5.987306
5.980875
5.975166
5.970238
5.966137
5.962907
5.960633
5.959336
5.959016
5.959760
5.961693
5.964814
5.969113
5.974709
5.981615
5.989889
5.999566
6.010710
6.023340
6.037503
6.053273
6.070664
6.089719
6.110485
6.132991
6.157293
6.183394
6.211380
6.241260
6.273103
6.306904
6.342662
6.380376
6.420058
6.461913
6.505843
6.552033
6.600320
6.650712
6.703317
6.758138
6.815180
6.874576
6.936139
6.999870
7.065855
7.134334
7.204944
7.278046
7.353345
7.430842
7.510709
7.593035
7.677547
7.764252
7.853343
7.944675
8.038433
8.134528
8.232724
8.333165
8.435830
8.540717
8.647755
8.756870
8.868197
8.981736
9.097488
9.215245
9.334801
9.456620
9.580163
9.705703
9.833369
9.962805
10.093931
10.226746
10.361354
10.497749
10.635643
10.775212
10.916232
11.058854
11.203043
11.348521
11.495231
11.643171
11.792375
11.942713
12.094232
12.246722
12.400217
12.554537
12.709792
12.865838
13.022453
13.179838
13.337714
13.496213
13.655027
13.814162
13.973607
14.133415
14.293226
14.453093
14.612976
14.772699
14.932428
15.091881
15.250799
15.409323
15.567463
15.725219
15.882591
16.039285
16.194867
16.349339
16.503174
16.656030
16.807891
16.958331
17.107565
17.255534
17.402432
17.547654
17.691127
17.832985
17.973470
18.112077
18.248702
18.383713
18.516351
18.647037
18.775801
18.902642
19.027185
19.149191
19.268772
19.385949
19.500745
19.613124
19.722590
19.829375
19.933906
20.035196
20.133960
20.229393
20.322343
20.412305
20.498890
20.582816
20.663172
20.740776
20.815130
20.885961
20.953828
21.018730
21.080060
21.137692
21.192451
21.243723
21.291347
21.335814
21.376732
21.413909
21.447892
21.478578
21.505096
21.528461
21.548727
21.565109
21.578201
21.587800
21.593396
21.596170
21.595005
21.590788
21.582551
21.571264
21.556699
21.538842
21.517109
21.492480
21.464281
21.432835
21.398106
21.359967
21.318927
21.274989
21.228150
21.178411
21.125506
21.069256
21.010499
20.948988
20.884660
20.817284
20.747944
20.675880
20.601049
20.523450
20.443645
20.362004
20.277668
20.191759
20.103650
20.013155
19.921385
19.827063
19.731178
19.633962
19.535418
19.435499
19.334007
19.230916
19.126682
19.021356
18.915487
18.808347
18.700007
18.591443
18.482690
18.373080
18.262559
18.152018
18.041700
17.931176
17.820691
17.709932
17.599711
17.490109
17.380476
17.271553
17.163274
17.055955
16.949423
16.843411
16.738669
16.635438
16.533601
16.433094
16.333711
16.236475
16.140619
16.046302
15.953983
15.864132
15.776162
15.690567
15.607137
15.526280
15.447779
15.372115
15.298618
15.228489
15.161222
15.096881
15.035900
14.977778
14.922516
14.870314
14.822429
14.777525
14.736340
14.699252
14.665396
14.635544
14.609445
14.586919
14.569144
14.555092
14.544412
14.538214
14.537123
14.539294
14.545981
14.557543
14.573981
14.594770
14.619492
14.648176
14.681969
14.720772
14.764249
14.811847
14.864278
14.921889
14.983431
15.049907
15.121324
15.198026
15.278775
15.364143
15.454429
15.549522
15.649984
15.754694
15.863440
15.977726
16.096814
16.219834
16.347226
16.479982
16.617744
16.759249
16.905352
17.055730
17.210956
17.370088
17.533445
17.701453
17.873421
18.049534
18.230084
18.414241
18.602441
18.793913
18.989890
19.189010
19.392078
19.598850
19.808443
20.022105
20.238733
20.458029
20.681221
20.907420
21.136083
21.367212
21.600941
21.837574
22.076919
22.318206
22.561544
22.807068
23.054968
23.304635
23.555765
23.808716
24.063345
24.319105
24.576265
24.834294
25.093197
25.353099
25.614002
25.875302
26.136934
26.399098
26.661264
26.923438
27.185631
27.447821
27.709314
27.970680
28.230926
28.490640
28.749695
29.007190
29.263997
29.519414
29.773201
30.025343
30.276344
30.525012
30.771273
31.015752
31.257916
31.497833
31.735014
31.970045
32.202167
32.430962
32.656549
32.879498
33.099024
33.315183
33.527461
33.736412
33.941737
34.143055
34.340223
34.533248
34.722283
34.907018
35.087178
35.263006
35.434235
35.600731
35.762269
35.919063
36.071108
36.218012
36.359754
36.496130
36.627254
36.753179
36.873615
36.988561
37.097979
37.201788
37.299945
37.392343
37.479138
37.560048
37.635123
37.704443
37.767790
37.825125
37.876450
37.921875
37.961341
37.994766
38.022161
38.043474
38.058822
38.068221
38.071543
38.068748
38.060029
38.045274
38.024563
37.998017
37.965434
37.926947
37.882743
37.832644
37.776849
37.715359
37.648204
37.575336
37.496981
37.413221
37.323955
37.229371
37.129547
37.024519
36.914293
36.799171
36.679098
36.554170
36.424516
36.290174
36.151308
36.008006
35.860370
35.708496
35.552557
35.392644
35.228778
35.061259
34.890151
34.715398
34.537440
34.356172
34.171949
33.984839
33.794788
33.601836
33.406534
33.209061
33.009426
32.807833
32.604358
32.398999
32.191758
31.982660
31.772770
31.561781
31.350362
31.137856
30.924558
30.710858
30.496634
30.283047
30.068659
29.854706
29.641121
29.428267
29.216024
29.004211
28.794119
28.585739
28.378495
28.172049
27.967460
27.765265
27.564527
27.366520
27.171242
26.978095
26.787647
26.600463
26.415818
26.234619
26.056809
25.882422
25.711708
25.544866
25.382105
25.223267
25.068930
24.918793
24.773455
24.632670
24.496498
24.365343
24.239613
24.118698
24.003301
23.893376
23.789000
23.690472
23.597565
23.510444
23.429680
23.354601
23.285936
23.223787
23.167988
23.118682
23.075758
23.039535
23.010047
22.987632
22.972056
22.963315
22.961409
22.966338
22.978102
22.997201
23.023486
23.057462
23.098625
23.146775
23.201801
23.264841
23.334812
23.411758
23.496602
23.588480
23.687994
23.794418
23.908479
24.029846
24.158319
24.293572
24.436230
24.586264
24.743267
24.907245
25.078187
25.256561
25.441680
25.633119
25.831999
26.037114
26.248436
26.466577
26.691068
26.922466
27.159573
27.402862
27.652315
27.907338
28.168615
28.434961
28.707579
28.985096
29.267931
29.556206
29.849033
30.147243
30.449883
30.757431
31.069033
31.385042
31.705468
32.029387
32.357410
32.689326
33.024217
33.362526
33.704556
34.049093
34.396058
34.745861
35.098366
35.452862
35.809745
36.168075
36.527851
36.889360
37.252192
37.615915
37.980715
38.346120
38.711973
39.078164
39.444430
39.810402
40.176043
40.541354
40.906335
41.269925
41.632829
41.993777
42.353148
42.711403
43.067589
43.421803
43.772826
44.122064
44.469188
44.812470
45.152669
45.489526
45.823955
46.154131
46.479650
46.800929
47.118376
47.431991
47.741774
48.046708
48.345520
48.638530
48.926978
49.210988
49.489413
49.761275
50.026994
50.287056
50.541329
50.788305
51.029498
51.263665
51.491742
51.712185
51.926001
52.131778
52.331730
52.523024
52.707260
52.884291
53.053400
53.214351
53.368779
53.513827
53.651323
53.781530
53.902336
54.015555
54.119735
54.215852
54.304559
54.383743
54.453925
54.517140
54.571200
54.615944
54.652254
54.681295
54.700180
54.711356
54.714168
54.707232
54.691284
54.667395
54.635673
54.596118
54.547468
54.490423
54.423943
54.350291
54.267427
54.176066
54.077381
53.970987
53.855530
53.733403
53.603102
53.465126
53.319825
53.165980
53.004580
52.837060
52.661249
52.479797
52.290603
52.094212
51.891086
51.681525
51.466263
51.245300
51.018626
50.785520
50.545711
50.300952
50.051683
49.797239
49.537380
49.272105
49.001682
48.727674
48.449458
48.166480
47.881193
47.590598
47.297368
47.001898
46.702357
46.400708
46.095978
45.787756
45.478667
45.167853
44.854825
44.540093
44.224210
43.908220
43.591206
43.272596
42.955318
42.636862
42.317953
42.000822
41.683415
41.367523
41.051645
40.737530
40.426196
40.115078
39.804929
39.498397
39.195697
38.895359
38.596325
38.300692
38.008407
37.720005
37.436838
37.156788
36.879973
36.609223
36.341792
36.079775
35.824082
35.572121
35.325710
35.085678
34.850301
34.623030
34.400085
34.184736
33.976400
33.774151
33.579417
33.392369
33.211033
33.039316
32.873968
32.715392
32.566896
32.424403
32.290667
32.166408
32.049624
31.943192
31.843502
31.753607
31.673357
31.602160
31.538289
31.485271
31.439853
31.405778
31.380831
31.364743
31.358801
31.362157
31.376837
31.399224
31.433086
31.475437
31.529452
31.593001
31.665637
31.747358
31.838166
31.939282
32.051969
32.175639
32.307947
32.448647
32.600200
32.760855
32.931486
33.113121
33.304145
33.503170
33.711812
33.929487
34.158311
34.395266
34.640526
34.894672
35.157596
35.430326
35.712863
36.003711
36.300650
36.606470
36.920494
37.243187
37.572376
37.911037
38.257059
38.609514
38.967564
39.333358
39.706198
40.085478
40.471906
40.864499
41.261860
41.665320
42.074413
42.489911
42.909056
43.333291
43.762480
44.197258
44.634615
45.074401
45.518252
45.966419
46.418900
46.875696
47.333777
47.794137